DateTime	Open	High	Low	Close	Volume	AverageVolume	VolumeRatio
2026-04-20 07:45:20-04:00	2.4	2.4	2.4	2.4	0	6.8	0.0
2026-04-20 07:45:25-04:00	2.4	2.4	2.4	2.4	0	6.8	0.0
2026-04-20 07:45:30-04:00	2.4	2.4	2.4	2.4	0	6.8	0.0
2026-04-20 07:45:35-04:00	2.4	2.4	2.4	2.4	0	6.8	0.0
2026-04-20 07:45:40-04:00	2.4	2.4	2.4	2.4	0	6.8	0.0
2026-04-20 07:45:45-04:00	2.4	2.4	2.4	2.4	0	6.8	0.0
2026-04-20 07:45:50-04:00	2.4	2.4	2.4	2.4	0	6.8	0.0
2026-04-20 07:45:55-04:00	2.4	2.4	2.4	2.4	0	6.8	0.0
2026-04-20 07:46:00-04:00	2.4	2.4	2.4	2.4	0	6.8	0.0
2026-04-20 07:46:05-04:00	2.4	2.4	2.4	2.4	0	6.8	0.0
2026-04-20 07:46:10-04:00	2.4	2.4	2.4	2.4	136	6.8	20.0
2026-04-20 07:46:15-04:00	2.4	2.4	2.4	2.4	0	6.8	0.0
2026-04-20 07:46:20-04:00	2.4	2.4	2.4	2.4	0	6.8	0.0
2026-04-20 07:46:25-04:00	2.4	2.4	2.4	2.4	0	6.8	0.0
2026-04-20 07:46:30-04:00	2.4	2.4	2.4	2.4	0	6.8	0.0
2026-04-20 07:46:35-04:00	2.4	2.4	2.4	2.4	0	6.8	0.0
2026-04-20 07:46:40-04:00	2.4	2.4	2.4	2.4	0	6.8	0.0
2026-04-20 07:46:45-04:00	2.4	2.4	2.4	2.4	0	6.8	0.0
2026-04-20 07:46:50-04:00	2.4	2.4	2.4	2.4	0	6.8	0.0
2026-04-20 07:46:55-04:00	2.4	2.4	2.4	2.4	0	6.8	0.0
2026-04-20 07:47:00-04:00	2.4	2.4	2.4	2.4	0	6.8	0.0
2026-04-20 07:47:05-04:00	2.4	2.4	2.4	2.4	0	6.8	0.0
2026-04-20 07:47:10-04:00	2.4	2.4	2.4	2.4	0	6.8	0.0
2026-04-20 07:47:15-04:00	2.4	2.4	2.4	2.4	0	6.8	0.0
2026-04-20 07:47:20-04:00	2.4	2.4	2.4	2.4	0	6.8	0.0
2026-04-20 07:47:25-04:00	2.4	2.4	2.4	2.4	0	6.8	0.0
2026-04-20 07:47:30-04:00	2.4	2.4	2.4	2.4	0	6.8	0.0
2026-04-20 07:47:35-04:00	2.4	2.4	2.4	2.4	0	6.8	0.0
2026-04-20 07:47:40-04:00	2.4	2.4	2.4	2.4	0	6.8	0.0
2026-04-20 07:47:45-04:00	2.4	2.4	2.4	2.4	0	6.8	0.0
2026-04-20 07:47:50-04:00	2.4	2.4	2.4	2.4	0	6.8	0.0
2026-04-20 07:47:55-04:00	2.4	2.4	2.4	2.4	0	6.8	0.0
2026-04-20 07:48:00-04:00	2.4	2.4	2.4	2.4	0	6.8	0.0
2026-04-20 07:48:05-04:00	2.4	2.4	2.4	2.4	0	6.8	0.0
2026-04-20 07:48:10-04:00	2.4	2.4	2.4	2.4	0	6.8	0.0
2026-04-20 07:48:15-04:00	2.4	2.4	2.4	2.4	0	6.8	0.0
2026-04-20 07:48:20-04:00	2.4	2.4	2.4	2.4	0	6.8	0.0
2026-04-20 07:48:25-04:00	2.4	2.4	2.4	2.4	0	6.8	0.0
2026-04-20 07:48:30-04:00	2.4	2.4	2.4	2.4	0	6.8	0.0
2026-04-20 07:48:35-04:00	2.4	2.4	2.4	2.4	0	6.8	0.0
2026-04-20 07:48:40-04:00	2.4	2.4	2.4	2.4	0	6.8	0.0
2026-04-20 07:48:45-04:00	2.4	2.4	2.4	2.4	0	6.8	0.0
2026-04-20 07:48:50-04:00	2.4	2.4	2.4	2.4	0	6.8	0.0
2026-04-20 07:48:55-04:00	2.4	2.4	2.4	2.4	0	6.8	0.0
2026-04-20 07:49:00-04:00	2.4	2.4	2.4	2.4	0	6.8	0.0
2026-04-20 07:49:05-04:00	2.4	2.4	2.4	2.4	0	6.8	0.0
2026-04-20 07:49:10-04:00	2.4	2.4	2.4	2.4	0	6.8	0.0
2026-04-20 07:49:15-04:00	2.4	2.4	2.4	2.4	0	6.8	0.0
2026-04-20 07:49:20-04:00	2.4	2.4	2.4	2.4	0	6.8	0.0
2026-04-20 07:49:25-04:00	2.4	2.4	2.4	2.4	0	6.8	0.0
2026-04-20 07:49:30-04:00	2.4	2.4	2.4	2.4	0	6.8	0.0
2026-04-20 07:49:35-04:00	2.4	2.4	2.4	2.4	0	6.8	0.0
2026-04-20 07:49:40-04:00	2.4	2.4	2.4	2.4	0	6.8	0.0
2026-04-20 07:49:45-04:00	2.4	2.4	2.4	2.4	0	6.8	0.0
2026-04-20 07:49:50-04:00	2.4	2.4	2.4	2.4	0	6.8	0.0
2026-04-20 07:49:55-04:00	2.4	2.4	2.4	2.4	0	6.8	0.0
2026-04-20 07:50:00-04:00	2.4	2.4	2.4	2.4	0	6.8	0.0
2026-04-20 07:50:05-04:00	2.4	2.4	2.4	2.4	0	6.8	0.0
2026-04-20 07:50:10-04:00	2.4	2.4	2.4	2.4	0	6.8	0.0
2026-04-20 07:50:15-04:00	2.4	2.4	2.4	2.4	0	6.8	0.0
2026-04-20 07:50:20-04:00	2.4	2.4	2.4	2.4	0	6.8	0.0
2026-04-20 07:50:25-04:00	2.4	2.4	2.4	2.4	0	6.8	0.0
2026-04-20 07:50:30-04:00	2.4	2.4	2.4	2.4	0	6.8	0.0
2026-04-20 07:50:35-04:00	2.4	2.4	2.4	2.4	0	6.8	0.0
2026-04-20 07:50:40-04:00	2.4	2.4	2.4	2.4	0	6.8	0.0
2026-04-20 07:50:45-04:00	2.4	2.4	2.4	2.4	0	6.8	0.0
2026-04-20 07:50:50-04:00	2.4	2.4	2.4	2.4	0	6.8	0.0
2026-04-20 07:50:55-04:00	2.4	2.4	2.4	2.4	0	6.8	0.0
2026-04-20 07:51:00-04:00	2.4	2.4	2.4	2.4	0	6.8	0.0
2026-04-20 07:51:05-04:00	2.4	2.4	2.4	2.4	0	6.8	0.0
2026-04-20 07:51:10-04:00	2.4	2.4	2.4	2.4	0	6.8	0.0
2026-04-20 07:51:15-04:00	2.4	2.4	2.4	2.4	0	6.8	0.0
2026-04-20 07:51:20-04:00	2.4	2.4	2.4	2.4	0	6.8	0.0
2026-04-20 07:51:25-04:00	2.4	2.4	2.4	2.4	0	6.8	0.0
2026-04-20 07:51:30-04:00	2.4	2.4	2.4	2.4	0	6.8	0.0
2026-04-20 07:51:35-04:00	2.4	2.4	2.4	2.4	0	6.8	0.0
2026-04-20 07:51:40-04:00	2.4	2.4	2.4	2.4	0	6.8	0.0
2026-04-20 07:51:45-04:00	2.4	2.4	2.4	2.4	0	6.8	0.0
2026-04-20 07:51:50-04:00	2.4	2.4	2.4	2.4	0	6.8	0.0
2026-04-20 07:51:55-04:00	2.4	2.4	2.4	2.4	0	6.8	0.0
2026-04-20 07:52:00-04:00	2.4	2.4	2.4	2.4	0	6.8	0.0
2026-04-20 07:52:05-04:00	2.4	2.4	2.4	2.4	0	6.8	0.0
2026-04-20 07:52:10-04:00	2.4	2.4	2.4	2.4	0	6.8	0.0
2026-04-20 07:52:15-04:00	2.4	2.4	2.4	2.4	0	6.8	0.0
2026-04-20 07:52:20-04:00	2.4	2.4	2.4	2.4	0	6.8	0.0
2026-04-20 07:52:25-04:00	2.4	2.4	2.4	2.4	0	6.8	0.0
2026-04-20 07:52:30-04:00	2.4	2.4	2.4	2.4	0	6.8	0.0
2026-04-20 07:52:35-04:00	2.4	2.4	2.4	2.4	0	6.8	0.0
2026-04-20 07:52:40-04:00	2.4	2.4	2.4	2.4	0	6.8	0.0
2026-04-20 07:52:45-04:00	2.4	2.4	2.4	2.4	0	6.8	0.0
2026-04-20 07:52:50-04:00	2.4	2.4	2.4	2.4	0	6.8	0.0
2026-04-20 07:52:55-04:00	2.4	2.4	2.4	2.4	0	6.8	0.0
2026-04-20 07:53:00-04:00	2.4	2.4	2.4	2.4	0	6.8	0.0
2026-04-20 07:53:05-04:00	2.4	2.4	2.4	2.4	0	6.8	0.0
2026-04-20 07:53:10-04:00	2.4	2.4	2.4	2.4	0	6.8	0.0
2026-04-20 07:53:15-04:00	2.4	2.4	2.4	2.4	0	6.8	0.0
2026-04-20 07:53:20-04:00	2.4	2.4	2.4	2.4	0	6.8	0.0
2026-04-20 07:53:25-04:00	2.4	2.4	2.4	2.4	0	6.8	0.0
2026-04-20 07:53:30-04:00	2.4	2.4	2.4	2.4	0	6.8	0.0
2026-04-20 07:53:35-04:00	2.4	2.4	2.4	2.4	0	6.8	0.0
2026-04-20 07:53:40-04:00	2.4	2.4	2.4	2.4	0	6.8	0.0
2026-04-20 07:53:45-04:00	2.4	2.4	2.4	2.4	0	6.8	0.0
2026-04-20 07:53:50-04:00	2.4	2.4	2.4	2.4	0	6.8	0.0
2026-04-20 07:53:55-04:00	2.4	2.4	2.4	2.4	0	6.8	0.0
2026-04-20 07:54:00-04:00	2.4	2.4	2.4	2.4	0	6.8	0.0
2026-04-20 07:54:05-04:00	2.4	2.4	2.4	2.4	0	6.8	0.0
2026-04-20 07:54:10-04:00	2.4	2.4	2.4	2.4	0	6.8	0.0
2026-04-20 07:54:15-04:00	2.4	2.4	2.4	2.4	0	6.8	0.0
2026-04-20 07:54:20-04:00	2.4	2.4	2.4	2.4	0	6.8	0.0
2026-04-20 07:54:25-04:00	2.4	2.4	2.4	2.4	0	6.8	0.0
2026-04-20 07:54:30-04:00	2.4	2.4	2.4	2.4	0	6.8	0.0
2026-04-20 07:54:35-04:00	2.4	2.4	2.4	2.4	0	6.8	0.0
2026-04-20 07:54:40-04:00	2.4	2.4	2.4	2.4	0	6.8	0.0
2026-04-20 07:54:45-04:00	2.4	2.4	2.4	2.4	0	6.8	0.0
2026-04-20 07:54:50-04:00	2.4	2.4	2.4	2.4	0	6.8	0.0
2026-04-20 07:54:55-04:00	2.4	2.4	2.4	2.4	0	6.8	0.0
2026-04-20 07:55:00-04:00	2.4	2.4	2.4	2.4	0	6.8	0.0
2026-04-20 07:55:05-04:00	2.4	2.4	2.4	2.4	0	6.8	0.0
2026-04-20 07:55:10-04:00	2.4	2.4	2.4	2.4	0	6.8	0.0
2026-04-20 07:55:15-04:00	2.4	2.4	2.4	2.4	0	6.8	0.0
2026-04-20 07:55:20-04:00	2.4	2.4	2.4	2.4	0	6.8	0.0
2026-04-20 07:55:25-04:00	2.4	2.4	2.4	2.4	0	6.8	0.0
2026-04-20 07:55:30-04:00	2.4	2.4	2.4	2.4	0	6.8	0.0
2026-04-20 07:55:35-04:00	2.4	2.4	2.4	2.4	0	6.8	0.0
2026-04-20 07:55:40-04:00	2.4	2.4	2.4	2.4	0	6.8	0.0
2026-04-20 07:55:45-04:00	2.4	2.4	2.4	2.4	0	6.8	0.0
2026-04-20 07:55:50-04:00	2.4	2.4	2.4	2.4	0	6.8	0.0
2026-04-20 07:55:55-04:00	2.4	2.4	2.4	2.4	0	6.8	0.0
2026-04-20 07:56:00-04:00	2.4	2.4	2.4	2.4	0	6.8	0.0
2026-04-20 07:56:05-04:00	2.4	2.4	2.4	2.4	0	6.8	0.0
2026-04-20 07:56:10-04:00	2.4	2.4	2.4	2.4	0	6.8	0.0
2026-04-20 07:56:15-04:00	2.4	2.4	2.4	2.4	0	6.8	0.0
2026-04-20 07:56:20-04:00	2.4	2.4	2.4	2.4	0	6.8	0.0
2026-04-20 07:56:25-04:00	2.4	2.4	2.4	2.4	0	6.8	0.0
2026-04-20 07:56:30-04:00	2.4	2.4	2.4	2.4	0	6.8	0.0
2026-04-20 07:56:35-04:00	2.4	2.4	2.4	2.4	0	6.8	0.0
2026-04-20 07:56:40-04:00	2.4	2.4	2.4	2.4	0	6.8	0.0
2026-04-20 07:56:45-04:00	2.4	2.4	2.4	2.4	0	6.8	0.0
2026-04-20 07:56:50-04:00	2.4	2.4	2.4	2.4	0	6.8	0.0
2026-04-20 07:56:55-04:00	2.4	2.4	2.4	2.4	0	6.8	0.0
2026-04-20 07:57:00-04:00	2.4	2.4	2.4	2.4	0	6.8	0.0
2026-04-20 07:57:05-04:00	2.4	2.4	2.4	2.4	0	6.8	0.0
2026-04-20 07:57:10-04:00	2.4	2.4	2.4	2.4	0	6.8	0.0
2026-04-20 07:57:15-04:00	2.4	2.4	2.4	2.4	0	6.8	0.0
2026-04-20 07:57:20-04:00	2.4	2.4	2.4	2.4	0	6.8	0.0
2026-04-20 07:57:25-04:00	2.4	2.4	2.4	2.4	0	6.8	0.0
2026-04-20 07:57:30-04:00	2.4	2.4	2.4	2.4	0	6.8	0.0
2026-04-20 07:57:35-04:00	2.4	2.4	2.4	2.4	0	6.8	0.0
2026-04-20 07:57:40-04:00	2.4	2.4	2.4	2.4	0	6.8	0.0
2026-04-20 07:57:45-04:00	2.4	2.4	2.4	2.4	0	6.8	0.0
2026-04-20 07:57:50-04:00	2.4	2.4	2.4	2.4	0	6.8	0.0
2026-04-20 07:57:55-04:00	2.4	2.4	2.4	2.4	0	6.8	0.0
2026-04-20 07:58:00-04:00	2.4	2.4	2.4	2.4	0	6.8	0.0
2026-04-20 07:58:05-04:00	2.4	2.4	2.4	2.4	0	6.8	0.0
2026-04-20 07:58:10-04:00	2.4	2.4	2.4	2.4	0	6.8	0.0
2026-04-20 07:58:15-04:00	2.4	2.4	2.4	2.4	0	6.8	0.0
2026-04-20 07:58:20-04:00	2.4	2.4	2.4	2.4	0	6.8	0.0
2026-04-20 07:58:25-04:00	2.4	2.4	2.4	2.4	0	6.8	0.0
2026-04-20 07:58:30-04:00	2.4	2.4	2.4	2.4	0	6.8	0.0
2026-04-20 07:58:35-04:00	2.4	2.4	2.4	2.4	0	6.8	0.0
2026-04-20 07:58:40-04:00	2.4	2.4	2.4	2.4	0	6.8	0.0
2026-04-20 07:58:45-04:00	2.4	2.4	2.4	2.4	0	6.8	0.0
2026-04-20 07:58:50-04:00	2.4	2.4	2.4	2.4	0	6.8	0.0
2026-04-20 07:58:55-04:00	2.4	2.4	2.4	2.4	0	6.8	0.0
2026-04-20 07:59:00-04:00	2.4	2.4	2.4	2.4	0	6.8	0.0
2026-04-20 07:59:05-04:00	2.4	2.4	2.4	2.4	0	6.8	0.0
2026-04-20 07:59:10-04:00	2.4	2.4	2.4	2.4	0	6.8	0.0
2026-04-20 07:59:15-04:00	2.4	2.4	2.4	2.4	0	6.8	0.0
2026-04-20 07:59:20-04:00	2.4	2.4	2.4	2.4	0	6.8	0.0
2026-04-20 07:59:25-04:00	2.4	2.4	2.4	2.4	0	6.8	0.0
2026-04-20 07:59:30-04:00	2.4	2.4	2.4	2.4	0	6.8	0.0
2026-04-20 07:59:35-04:00	2.4	2.4	2.4	2.4	0	6.8	0.0
2026-04-20 07:59:40-04:00	2.4	2.4	2.4	2.4	0	6.8	0.0
2026-04-20 07:59:45-04:00	2.4	2.4	2.4	2.4	0	6.8	0.0
2026-04-20 07:59:50-04:00	2.4	2.4	2.4	2.4	0	6.8	0.0
2026-04-20 07:59:55-04:00	2.4	2.4	2.4	2.4	0	6.8	0.0
2026-04-20 08:00:00-04:00	2.4	2.4	2.4	2.4	0	6.8	0.0
2026-04-20 08:00:05-04:00	2.4	2.4	2.4	2.4	0	6.8	0.0
2026-04-20 08:00:10-04:00	2.4	2.4	2.4	2.4	0	6.8	0.0
2026-04-20 08:00:15-04:00	2.4	2.4	2.4	2.4	0	6.8	0.0
2026-04-20 08:00:20-04:00	2.4	2.4	2.4	2.4	0	6.8	0.0
2026-04-20 08:00:25-04:00	2.4	2.4	2.4	2.4	0	6.8	0.0
2026-04-20 08:00:30-04:00	2.4	2.4	2.4	2.4	0	6.8	0.0
2026-04-20 08:00:35-04:00	2.4	2.4	2.4	2.4	0	6.8	0.0
2026-04-20 08:00:40-04:00	2.4	2.4	2.4	2.4	0	6.8	0.0
2026-04-20 08:00:45-04:00	2.4	2.4	2.4	2.4	0	6.8	0.0
2026-04-20 08:00:50-04:00	2.4	2.4	2.4	2.4	0	6.8	0.0
2026-04-20 08:00:55-04:00	2.4	2.4	2.4	2.4	0	6.8	0.0
2026-04-20 08:01:00-04:00	2.4	2.4	2.4	2.4	0	6.8	0.0
2026-04-20 08:01:05-04:00	2.4	2.4	2.4	2.4	0	6.8	0.0
2026-04-20 08:01:10-04:00	2.4	2.4	2.4	2.4	0	6.8	0.0
2026-04-20 08:01:15-04:00	2.4	2.4	2.4	2.4	0	6.8	0.0
2026-04-20 08:01:20-04:00	2.4	2.4	2.4	2.4	0	6.8	0.0
2026-04-20 08:01:25-04:00	2.4	2.4	2.4	2.4	0	6.8	0.0
2026-04-20 08:01:30-04:00	2.4	2.4	2.4	2.4	0	6.8	0.0
2026-04-20 08:01:35-04:00	2.4	2.4	2.4	2.4	0	6.8	0.0
2026-04-20 08:01:40-04:00	2.4	2.4	2.4	2.4	0	6.8	0.0
2026-04-20 08:01:45-04:00	2.4	2.4	2.4	2.4	0	6.8	0.0
2026-04-20 08:01:50-04:00	2.4	2.4	2.4	2.4	0	6.8	0.0
2026-04-20 08:01:55-04:00	2.4	2.4	2.4	2.4	0	6.8	0.0
2026-04-20 08:02:00-04:00	2.4	2.4	2.4	2.4	0	6.8	0.0
2026-04-20 08:02:05-04:00	2.4	2.4	2.4	2.4	0	6.8	0.0
2026-04-20 08:02:10-04:00	2.4	2.4	2.4	2.4	0	6.8	0.0
2026-04-20 08:02:15-04:00	2.4	2.4	2.4	2.4	0	6.8	0.0
2026-04-20 08:02:20-04:00	2.4	2.4	2.4	2.4	0	6.8	0.0
2026-04-20 08:02:25-04:00	2.4	2.4	2.4	2.4	0	6.8	0.0
2026-04-20 08:02:30-04:00	2.4	2.4	2.4	2.4	0	6.8	0.0
2026-04-20 08:02:35-04:00	2.4	2.4	2.4	2.4	0	6.8	0.0
2026-04-20 08:02:40-04:00	2.4	2.4	2.4	2.4	0	6.8	0.0
2026-04-20 08:02:45-04:00	2.4	2.4	2.4	2.4	0	6.8	0.0
2026-04-20 08:02:50-04:00	2.4	2.4	2.4	2.4	0	6.8	0.0
2026-04-20 08:02:55-04:00	2.4	2.4	2.4	2.4	0	6.8	0.0
2026-04-20 08:03:00-04:00	2.4	2.4	2.4	2.4	0	6.8	0.0
2026-04-20 08:03:05-04:00	2.4	2.4	2.4	2.4	0	6.8	0.0
2026-04-20 08:03:10-04:00	2.4	2.4	2.4	2.4	0	6.8	0.0
2026-04-20 08:03:15-04:00	2.4	2.4	2.4	2.4	0	6.8	0.0
2026-04-20 08:03:20-04:00	2.4	2.4	2.4	2.4	0	6.8	0.0
2026-04-20 08:03:25-04:00	2.4	2.4	2.4	2.4	0	6.8	0.0
2026-04-20 08:03:30-04:00	2.4	2.4	2.4	2.4	0	6.8	0.0
2026-04-20 08:03:35-04:00	2.4	2.4	2.4	2.4	0	6.8	0.0
2026-04-20 08:03:40-04:00	2.4	2.4	2.4	2.4	0	6.8	0.0
2026-04-20 08:03:45-04:00	2.4	2.4	2.4	2.4	0	6.8	0.0
2026-04-20 08:03:50-04:00	2.4	2.4	2.4	2.4	0	6.8	0.0
2026-04-20 08:03:55-04:00	2.4	2.4	2.4	2.4	0	6.8	0.0
2026-04-20 08:04:00-04:00	2.4	2.4	2.4	2.4	0	6.8	0.0
2026-04-20 08:04:05-04:00	2.4	2.4	2.4	2.4	0	6.8	0.0
2026-04-20 08:04:10-04:00	2.4	2.4	2.4	2.4	0	6.8	0.0
2026-04-20 08:04:15-04:00	2.4	2.4	2.4	2.4	0	6.8	0.0
2026-04-20 08:04:20-04:00	2.4	2.4	2.4	2.4	0	6.8	0.0
2026-04-20 08:04:25-04:00	2.4	2.4	2.4	2.4	0	6.8	0.0
2026-04-20 08:04:30-04:00	2.4	2.4	2.4	2.4	0	6.8	0.0
2026-04-20 08:04:35-04:00	2.4	2.4	2.4	2.4	0	6.8	0.0
2026-04-20 08:04:40-04:00	2.4	2.4	2.4	2.4	0	6.8	0.0
2026-04-20 08:04:45-04:00	2.4	2.4	2.4	2.4	0	6.8	0.0
2026-04-20 08:04:50-04:00	2.4	2.4	2.4	2.4	0	6.8	0.0
2026-04-20 08:04:55-04:00	2.4	2.4	2.4	2.4	0	6.8	0.0
2026-04-20 08:05:00-04:00	2.4	2.4	2.4	2.4	0	6.8	0.0
2026-04-20 08:05:05-04:00	2.4	2.4	2.4	2.4	0	6.8	0.0
2026-04-20 08:05:10-04:00	2.4	2.4	2.4	2.4	0	6.8	0.0
2026-04-20 08:05:15-04:00	2.4	2.4	2.4	2.4	0	6.8	0.0
2026-04-20 08:05:20-04:00	2.4	2.4	2.4	2.4	0	6.8	0.0
2026-04-20 08:05:25-04:00	2.4	2.4	2.4	2.4	0	6.8	0.0
2026-04-20 08:05:30-04:00	2.4	2.4	2.4	2.4	0	6.8	0.0
2026-04-20 08:05:35-04:00	2.4	2.4	2.4	2.4	0	6.8	0.0
2026-04-20 08:05:40-04:00	2.4	2.4	2.4	2.4	0	6.8	0.0
2026-04-20 08:05:45-04:00	2.4	2.4	2.4	2.4	0	6.8	0.0
2026-04-20 08:05:50-04:00	2.4	2.4	2.4	2.4	0	6.8	0.0
2026-04-20 08:05:55-04:00	2.4	2.4	2.4	2.4	0	6.8	0.0
2026-04-20 08:06:00-04:00	2.4	2.4	2.4	2.4	0	6.8	0.0
2026-04-20 08:06:05-04:00	2.4	2.4	2.4	2.4	0	6.8	0.0
2026-04-20 08:06:10-04:00	2.4	2.4	2.4	2.4	0	6.8	0.0
2026-04-20 08:06:15-04:00	2.4	2.4	2.4	2.4	0	6.8	0.0
2026-04-20 08:06:20-04:00	2.4	2.4	2.4	2.4	0	6.8	0.0
2026-04-20 08:06:25-04:00	2.4	2.4	2.4	2.4	0	6.8	0.0
2026-04-20 08:06:30-04:00	2.4	2.4	2.4	2.4	0	6.8	0.0
2026-04-20 08:06:35-04:00	2.4	2.4	2.4	2.4	0	6.8	0.0
2026-04-20 08:06:40-04:00	2.4	2.4	2.4	2.4	0	6.8	0.0
2026-04-20 08:06:45-04:00	2.4	2.4	2.4	2.4	0	6.8	0.0
2026-04-20 08:06:50-04:00	2.4	2.4	2.4	2.4	0	6.8	0.0
2026-04-20 08:06:55-04:00	2.4	2.4	2.4	2.4	0	6.8	0.0
2026-04-20 08:07:00-04:00	2.4	2.4	2.4	2.4	0	6.8	0.0
2026-04-20 08:07:05-04:00	2.4	2.4	2.4	2.4	0	6.8	0.0
2026-04-20 08:07:10-04:00	2.4	2.4	2.4	2.4	0	6.8	0.0
2026-04-20 08:07:15-04:00	2.4	2.4	2.4	2.4	0	6.8	0.0
2026-04-20 08:07:20-04:00	2.4	2.4	2.4	2.4	0	6.8	0.0
2026-04-20 08:07:25-04:00	2.4	2.4	2.4	2.4	0	6.8	0.0
2026-04-20 08:07:30-04:00	2.4	2.4	2.4	2.4	0	6.8	0.0
2026-04-20 08:07:35-04:00	2.4	2.4	2.4	2.4	0	6.8	0.0
2026-04-20 08:07:40-04:00	2.4	2.4	2.4	2.4	0	6.8	0.0
2026-04-20 08:07:45-04:00	2.4	2.4	2.4	2.4	0	6.8	0.0
2026-04-20 08:07:50-04:00	2.4	2.4	2.4	2.4	0	6.8	0.0
2026-04-20 08:07:55-04:00	2.4	2.4	2.4	2.4	0	6.8	0.0
2026-04-20 08:08:00-04:00	2.4	2.4	2.4	2.4	0	6.8	0.0
2026-04-20 08:08:05-04:00	2.4	2.4	2.4	2.4	0	6.8	0.0
2026-04-20 08:08:10-04:00	2.4	2.4	2.4	2.4	0	6.8	0.0
2026-04-20 08:08:15-04:00	2.4	2.4	2.4	2.4	0	6.8	0.0
2026-04-20 08:08:20-04:00	2.4	2.4	2.4	2.4	0	6.8	0.0
2026-04-20 08:08:25-04:00	2.4	2.4	2.4	2.4	0	6.8	0.0
2026-04-20 08:08:30-04:00	2.4	2.4	2.4	2.4	0	6.8	0.0
2026-04-20 08:08:35-04:00	2.4	2.4	2.4	2.4	0	6.8	0.0
2026-04-20 08:08:40-04:00	2.4	2.4	2.4	2.4	0	6.8	0.0
2026-04-20 08:08:45-04:00	2.4	2.4	2.4	2.4	0	6.8	0.0
2026-04-20 08:08:50-04:00	2.4	2.4	2.4	2.4	0	6.8	0.0
2026-04-20 08:08:55-04:00	2.4	2.4	2.4	2.4	0	6.8	0.0
2026-04-20 08:09:00-04:00	2.4	2.4	2.4	2.4	0	6.8	0.0
2026-04-20 08:09:05-04:00	2.4	2.4	2.4	2.4	0	6.8	0.0
2026-04-20 08:09:10-04:00	2.4	2.4	2.4	2.4	0	6.8	0.0
2026-04-20 08:09:15-04:00	2.4	2.4	2.4	2.4	0	6.8	0.0
2026-04-20 08:09:20-04:00	2.4	2.4	2.4	2.4	0	6.8	0.0
2026-04-20 08:09:25-04:00	2.4	2.4	2.4	2.4	0	6.8	0.0
2026-04-20 08:09:30-04:00	2.4	2.4	2.4	2.4	0	6.8	0.0
2026-04-20 08:09:35-04:00	2.4	2.4	2.4	2.4	0	6.8	0.0
2026-04-20 08:09:40-04:00	2.4	2.4	2.4	2.4	0	6.8	0.0
2026-04-20 08:09:45-04:00	2.4	2.4	2.4	2.4	0	6.8	0.0
2026-04-20 08:09:50-04:00	2.4	2.4	2.4	2.4	0	6.8	0.0
2026-04-20 08:09:55-04:00	2.4	2.4	2.4	2.4	0	6.8	0.0
2026-04-20 08:10:00-04:00	2.4	2.4	2.4	2.4	0	6.8	0.0
2026-04-20 08:10:05-04:00	2.4	2.4	2.4	2.4	0	6.8	0.0
2026-04-20 08:10:10-04:00	2.4	2.4	2.4	2.4	0	6.8	0.0
2026-04-20 08:10:15-04:00	2.4	2.4	2.4	2.4	0	6.8	0.0
2026-04-20 08:10:20-04:00	2.4	2.4	2.4	2.4	0	6.8	0.0
2026-04-20 08:10:25-04:00	2.4	2.4	2.4	2.4	0	6.8	0.0
2026-04-20 08:10:30-04:00	2.4	2.4	2.4	2.4	0	6.8	0.0
2026-04-20 08:10:35-04:00	2.4	2.4	2.4	2.4	0	6.8	0.0
2026-04-20 08:10:40-04:00	2.4	2.4	2.4	2.4	0	6.8	0.0
2026-04-20 08:10:45-04:00	2.4	2.4	2.4	2.4	0	6.8	0.0
2026-04-20 08:10:50-04:00	2.4	2.4	2.4	2.4	0	6.8	0.0
2026-04-20 08:10:55-04:00	2.4	2.4	2.4	2.4	0	6.8	0.0
2026-04-20 08:11:00-04:00	2.4	2.4	2.4	2.4	0	6.8	0.0
2026-04-20 08:11:05-04:00	2.4	2.4	2.4	2.4	0	6.8	0.0
2026-04-20 08:11:10-04:00	2.4	2.4	2.4	2.4	0	6.8	0.0
2026-04-20 08:11:15-04:00	2.4	2.4	2.4	2.4	0	6.8	0.0
2026-04-20 08:11:20-04:00	2.4	2.4	2.4	2.4	0	6.8	0.0
2026-04-20 08:11:25-04:00	2.4	2.4	2.4	2.4	0	6.8	0.0
2026-04-20 08:11:30-04:00	2.4	2.4	2.4	2.4	0	6.8	0.0
2026-04-20 08:11:35-04:00	2.4	2.4	2.4	2.4	0	6.8	0.0
2026-04-20 08:11:40-04:00	2.4	2.4	2.4	2.4	0	6.8	0.0
2026-04-20 08:11:45-04:00	2.4	2.4	2.4	2.4	0	6.8	0.0
2026-04-20 08:11:50-04:00	2.4	2.4	2.4	2.4	0	6.8	0.0
2026-04-20 08:11:55-04:00	2.4	2.4	2.4	2.4	0	6.8	0.0
2026-04-20 08:12:00-04:00	2.4	2.4	2.4	2.4	0	6.8	0.0
2026-04-20 08:12:05-04:00	2.4	2.4	2.4	2.4	0	6.8	0.0
2026-04-20 08:12:10-04:00	2.4	2.4	2.4	2.4	0	6.8	0.0
2026-04-20 08:12:15-04:00	2.4	2.4	2.4	2.4	0	6.8	0.0
2026-04-20 08:12:20-04:00	2.4	2.4	2.4	2.4	0	6.8	0.0
2026-04-20 08:12:25-04:00	2.4	2.4	2.4	2.4	0	6.8	0.0
2026-04-20 08:12:30-04:00	2.4	2.4	2.4	2.4	0	6.8	0.0
2026-04-20 08:12:35-04:00	2.4	2.4	2.4	2.4	0	6.8	0.0
2026-04-20 08:12:40-04:00	2.4	2.4	2.4	2.4	0	6.8	0.0
2026-04-20 08:12:45-04:00	2.4	2.4	2.4	2.4	0	6.8	0.0
2026-04-20 08:12:50-04:00	2.4	2.4	2.4	2.4	0	6.8	0.0
2026-04-20 08:12:55-04:00	2.4	2.4	2.4	2.4	0	6.8	0.0
2026-04-20 08:13:00-04:00	2.4	2.4	2.4	2.4	0	6.8	0.0
2026-04-20 08:13:05-04:00	2.4	2.4	2.4	2.4	0	6.8	0.0
2026-04-20 08:13:10-04:00	2.4	2.4	2.4	2.4	0	6.8	0.0
2026-04-20 08:13:15-04:00	2.4	2.4	2.4	2.4	0	6.8	0.0
2026-04-20 08:13:20-04:00	2.4	2.4	2.4	2.4	0	6.8	0.0
2026-04-20 08:13:25-04:00	2.4	2.4	2.4	2.4	0	6.8	0.0
2026-04-20 08:13:30-04:00	2.4	2.4	2.4	2.4	0	6.8	0.0
2026-04-20 08:13:35-04:00	2.4	2.4	2.4	2.4	0	6.8	0.0
2026-04-20 08:13:40-04:00	2.4	2.4	2.4	2.4	0	6.8	0.0
2026-04-20 08:13:45-04:00	2.4	2.4	2.4	2.4	0	6.8	0.0
2026-04-20 08:13:50-04:00	2.4	2.4	2.4	2.4	0	6.8	0.0
2026-04-20 08:13:55-04:00	2.4	2.4	2.4	2.4	0	6.8	0.0
2026-04-20 08:14:00-04:00	2.4	2.4	2.4	2.4	0	6.8	0.0
2026-04-20 08:14:05-04:00	2.4	2.4	2.4	2.4	0	6.8	0.0
2026-04-20 08:14:10-04:00	2.4	2.4	2.4	2.4	0	6.8	0.0
2026-04-20 08:14:15-04:00	2.4	2.4	2.4	2.4	0	6.8	0.0
2026-04-20 08:14:20-04:00	2.4	2.4	2.4	2.4	0	6.8	0.0
2026-04-20 08:14:25-04:00	2.4	2.4	2.4	2.4	0	6.8	0.0
2026-04-20 08:14:30-04:00	2.4	2.4	2.4	2.4	0	6.8	0.0
2026-04-20 08:14:35-04:00	2.4	2.4	2.4	2.4	0	6.8	0.0
2026-04-20 08:14:40-04:00	2.4	2.4	2.4	2.4	0	6.8	0.0
2026-04-20 08:14:45-04:00	2.4	2.4	2.4	2.4	0	6.8	0.0
2026-04-20 08:14:50-04:00	2.4	2.4	2.4	2.4	0	6.8	0.0
2026-04-20 08:14:55-04:00	2.4	2.4	2.4	2.4	0	6.8	0.0
2026-04-20 08:15:00-04:00	2.4	2.4	2.4	2.4	0	6.8	0.0
2026-04-20 08:15:05-04:00	2.4	2.4	2.4	2.4	0	6.8	0.0
2026-04-20 08:15:10-04:00	2.4	2.4	2.4	2.4	0	6.8	0.0
2026-04-20 08:15:15-04:00	2.4	2.4	2.4	2.4	0	6.8	0.0
2026-04-20 08:15:20-04:00	2.4	2.4	2.4	2.4	0	6.8	0.0
2026-04-20 08:15:25-04:00	2.4	2.4	2.4	2.4	0	6.8	0.0
2026-04-20 08:15:30-04:00	2.4	2.4	2.4	2.4	0	6.8	0.0
2026-04-20 08:15:35-04:00	2.4	2.4	2.4	2.4	0	6.8	0.0
2026-04-20 08:15:40-04:00	2.4	2.4	2.4	2.4	0	6.8	0.0
2026-04-20 08:15:45-04:00	2.4	2.4	2.4	2.4	0	6.8	0.0
2026-04-20 08:15:50-04:00	2.4	2.4	2.4	2.4	0	6.8	0.0
2026-04-20 08:15:55-04:00	2.4	2.4	2.4	2.4	0	6.8	0.0
2026-04-20 08:16:00-04:00	2.4	2.4	2.4	2.4	0	6.8	0.0
2026-04-20 08:16:05-04:00	2.4	2.4	2.4	2.4	0	6.8	0.0
2026-04-20 08:16:10-04:00	2.4	2.4	2.4	2.4	0	6.8	0.0
2026-04-20 08:16:15-04:00	2.4	2.4	2.4	2.4	0	6.8	0.0
2026-04-20 08:16:20-04:00	2.4	2.4	2.4	2.4	0	6.8	0.0
2026-04-20 08:16:25-04:00	2.4	2.4	2.4	2.4	0	6.8	0.0
2026-04-20 08:16:30-04:00	2.4	2.4	2.4	2.4	0	6.8	0.0
2026-04-20 08:16:35-04:00	2.4	2.4	2.4	2.4	0	6.8	0.0
2026-04-20 08:16:40-04:00	2.4	2.4	2.4	2.4	0	6.8	0.0
2026-04-20 08:16:45-04:00	2.4	2.4	2.4	2.4	0	6.8	0.0
2026-04-20 08:16:50-04:00	2.4	2.4	2.4	2.4	0	6.8	0.0
2026-04-20 08:16:55-04:00	2.4	2.4	2.4	2.4	0	6.8	0.0
2026-04-20 08:17:00-04:00	2.4	2.4	2.4	2.4	0	6.8	0.0
2026-04-20 08:17:05-04:00	2.4	2.4	2.4	2.4	0	6.8	0.0
2026-04-20 08:17:10-04:00	2.4	2.4	2.4	2.4	0	6.8	0.0
2026-04-20 08:17:15-04:00	2.4	2.4	2.4	2.4	0	6.8	0.0
2026-04-20 08:17:20-04:00	2.4	2.4	2.4	2.4	0	6.8	0.0
2026-04-20 08:17:25-04:00	2.4	2.4	2.4	2.4	0	6.8	0.0
2026-04-20 08:17:30-04:00	2.4	2.4	2.4	2.4	0	6.8	0.0
2026-04-20 08:17:35-04:00	2.4	2.4	2.4	2.4	0	6.8	0.0
2026-04-20 08:17:40-04:00	2.4	2.4	2.4	2.4	0	6.8	0.0
2026-04-20 08:17:45-04:00	2.4	2.4	2.4	2.4	0	6.8	0.0
2026-04-20 08:17:50-04:00	2.4	2.4	2.4	2.4	0	6.8	0.0
2026-04-20 08:17:55-04:00	2.4	2.4	2.4	2.4	0	6.8	0.0
2026-04-20 08:18:00-04:00	2.4	2.4	2.4	2.4	0	6.8	0.0
2026-04-20 08:18:05-04:00	2.4	2.4	2.4	2.4	0	6.8	0.0
2026-04-20 08:18:10-04:00	2.4	2.4	2.4	2.4	0	6.8	0.0
2026-04-20 08:18:15-04:00	2.4	2.4	2.4	2.4	0	6.8	0.0
2026-04-20 08:18:20-04:00	2.4	2.4	2.4	2.4	0	6.8	0.0
2026-04-20 08:18:25-04:00	2.4	2.4	2.4	2.4	0	6.8	0.0
2026-04-20 08:18:30-04:00	2.4	2.4	2.4	2.4	0	6.8	0.0
2026-04-20 08:18:35-04:00	2.4	2.4	2.4	2.4	0	6.8	0.0
2026-04-20 08:18:40-04:00	2.4	2.4	2.4	2.4	0	6.8	0.0
2026-04-20 08:18:45-04:00	2.4	2.4	2.4	2.4	0	6.8	0.0
2026-04-20 08:18:50-04:00	2.4	2.4	2.4	2.4	0	6.8	0.0
2026-04-20 08:18:55-04:00	2.4	2.4	2.4	2.4	0	6.8	0.0
2026-04-20 08:19:00-04:00	2.4	2.4	2.4	2.4	0	6.8	0.0
2026-04-20 08:19:05-04:00	2.4	2.4	2.4	2.4	0	6.8	0.0
2026-04-20 08:19:10-04:00	2.4	2.4	2.4	2.4	0	6.8	0.0
2026-04-20 08:19:15-04:00	2.4	2.4	2.4	2.4	0	6.8	0.0
2026-04-20 08:19:20-04:00	2.4	2.4	2.4	2.4	0	6.8	0.0
2026-04-20 08:19:25-04:00	2.4	2.4	2.4	2.4	0	6.8	0.0
2026-04-20 08:19:30-04:00	2.4	2.4	2.4	2.4	0	6.8	0.0
2026-04-20 08:19:35-04:00	2.4	2.4	2.4	2.4	0	6.8	0.0
2026-04-20 08:19:40-04:00	2.4	2.4	2.4	2.4	0	6.8	0.0
2026-04-20 08:19:45-04:00	2.4	2.4	2.4	2.4	0	6.8	0.0
2026-04-20 08:19:50-04:00	2.4	2.4	2.4	2.4	0	6.8	0.0
2026-04-20 08:19:55-04:00	2.4	2.4	2.4	2.4	0	6.8	0.0
2026-04-20 08:20:00-04:00	2.4	2.4	2.4	2.4	0	6.8	0.0
2026-04-20 08:20:05-04:00	2.4	2.4	2.4	2.4	0	6.8	0.0
2026-04-20 08:20:10-04:00	2.4	2.4	2.4	2.4	0	6.8	0.0
2026-04-20 08:20:15-04:00	2.4	2.4	2.4	2.4	0	6.8	0.0
2026-04-20 08:20:20-04:00	2.4	2.4	2.4	2.4	0	6.8	0.0
2026-04-20 08:20:25-04:00	2.4	2.4	2.4	2.4	0	6.8	0.0
2026-04-20 08:20:30-04:00	2.4	2.4	2.4	2.4	0	6.8	0.0
2026-04-20 08:20:35-04:00	2.4	2.4	2.4	2.4	0	6.8	0.0
2026-04-20 08:20:40-04:00	2.4	2.4	2.4	2.4	0	6.8	0.0
2026-04-20 08:20:45-04:00	2.4	2.4	2.4	2.4	0	6.8	0.0
2026-04-20 08:20:50-04:00	2.4	2.4	2.4	2.4	0	6.8	0.0
2026-04-20 08:20:55-04:00	2.4	2.4	2.4	2.4	0	6.8	0.0
2026-04-20 08:21:00-04:00	2.4	2.4	2.4	2.4	0	6.8	0.0
2026-04-20 08:21:05-04:00	2.4	2.4	2.4	2.4	0	6.8	0.0
2026-04-20 08:21:10-04:00	2.4	2.4	2.4	2.4	0	6.8	0.0
2026-04-20 08:21:15-04:00	2.4	2.4	2.4	2.4	0	6.8	0.0
2026-04-20 08:21:20-04:00	2.4	2.4	2.4	2.4	0	6.8	0.0
2026-04-20 08:21:25-04:00	2.4	2.4	2.4	2.4	0	6.8	0.0
2026-04-20 08:21:30-04:00	2.4	2.4	2.4	2.4	0	6.8	0.0
2026-04-20 08:21:35-04:00	2.4	2.4	2.4	2.4	0	6.8	0.0
2026-04-20 08:21:40-04:00	2.4	2.4	2.4	2.4	0	6.8	0.0
2026-04-20 08:21:45-04:00	2.4	2.4	2.4	2.4	0	6.8	0.0
2026-04-20 08:21:50-04:00	2.4	2.4	2.4	2.4	0	6.8	0.0
2026-04-20 08:21:55-04:00	2.4	2.4	2.4	2.4	0	6.8	0.0
2026-04-20 08:22:00-04:00	2.4	2.4	2.4	2.4	0	6.8	0.0
2026-04-20 08:22:05-04:00	2.4	2.4	2.4	2.4	0	6.8	0.0
2026-04-20 08:22:10-04:00	2.4	2.4	2.4	2.4	0	6.8	0.0
2026-04-20 08:22:15-04:00	2.4	2.4	2.4	2.4	0	6.8	0.0
2026-04-20 08:22:20-04:00	2.4	2.4	2.4	2.4	0	6.8	0.0
2026-04-20 08:22:25-04:00	2.4	2.4	2.4	2.4	0	6.8	0.0
2026-04-20 08:22:30-04:00	2.4	2.4	2.4	2.4	0	6.8	0.0
2026-04-20 08:22:35-04:00	2.4	2.4	2.4	2.4	0	6.8	0.0
2026-04-20 08:22:40-04:00	2.4	2.4	2.4	2.4	0	6.8	0.0
2026-04-20 08:22:45-04:00	2.4	2.4	2.4	2.4	0	6.8	0.0
2026-04-20 08:22:50-04:00	2.4	2.4	2.4	2.4	0	6.8	0.0
2026-04-20 08:22:55-04:00	2.4	2.4	2.4	2.4	0	6.8	0.0
2026-04-20 08:23:00-04:00	2.4	2.4	2.4	2.4	0	6.8	0.0
2026-04-20 08:23:05-04:00	2.4	2.4	2.4	2.4	0	6.8	0.0
2026-04-20 08:23:10-04:00	2.4	2.4	2.4	2.4	0	6.8	0.0
2026-04-20 08:23:15-04:00	2.4	2.4	2.4	2.4	0	6.8	0.0
2026-04-20 08:23:20-04:00	2.4	2.4	2.4	2.4	0	6.8	0.0
2026-04-20 08:23:25-04:00	2.4	2.4	2.4	2.4	0	6.8	0.0
2026-04-20 08:23:30-04:00	2.4	2.4	2.4	2.4	0	6.8	0.0
2026-04-20 08:23:35-04:00	2.4	2.4	2.4	2.4	0	6.8	0.0
2026-04-20 08:23:40-04:00	2.4	2.4	2.4	2.4	0	6.8	0.0
2026-04-20 08:23:45-04:00	2.4	2.4	2.4	2.4	0	6.8	0.0
2026-04-20 08:23:50-04:00	2.4	2.4	2.4	2.4	0	6.8	0.0
2026-04-20 08:23:55-04:00	2.4	2.4	2.4	2.4	0	6.8	0.0
2026-04-20 08:24:00-04:00	2.4	2.4	2.4	2.4	0	6.8	0.0
2026-04-20 08:24:05-04:00	2.4	2.4	2.4	2.4	0	6.8	0.0
2026-04-20 08:24:10-04:00	2.4	2.4	2.4	2.4	0	6.8	0.0
2026-04-20 08:24:15-04:00	2.4	2.4	2.4	2.4	0	6.8	0.0
2026-04-20 08:24:20-04:00	2.4	2.4	2.4	2.4	0	6.8	0.0
2026-04-20 08:24:25-04:00	2.4	2.4	2.4	2.4	0	6.8	0.0
2026-04-20 08:24:30-04:00	2.4	2.4	2.4	2.4	0	6.8	0.0
2026-04-20 08:24:35-04:00	2.4	2.4	2.4	2.4	0	6.8	0.0
2026-04-20 08:24:40-04:00	2.4	2.4	2.4	2.4	0	6.8	0.0
2026-04-20 08:24:45-04:00	2.4	2.4	2.4	2.4	0	6.8	0.0
2026-04-20 08:24:50-04:00	2.4	2.4	2.4	2.4	0	6.8	0.0
2026-04-20 08:24:55-04:00	2.4	2.4	2.4	2.4	0	6.8	0.0
2026-04-20 08:25:00-04:00	2.4	2.4	2.4	2.4	0	6.8	0.0
2026-04-20 08:25:05-04:00	2.4	2.4	2.4	2.4	0	6.8	0.0
2026-04-20 08:25:10-04:00	2.4	2.4	2.4	2.4	0	6.8	0.0
2026-04-20 08:25:15-04:00	2.4	2.4	2.4	2.4	0	6.8	0.0
2026-04-20 08:25:20-04:00	2.4	2.4	2.4	2.4	0	6.8	0.0
2026-04-20 08:25:25-04:00	2.4	2.4	2.4	2.4	0	6.8	0.0
2026-04-20 08:25:30-04:00	2.4	2.4	2.4	2.4	0	6.8	0.0
2026-04-20 08:25:35-04:00	2.4	2.4	2.4	2.4	0	6.8	0.0
2026-04-20 08:25:40-04:00	2.4	2.4	2.4	2.4	0	6.8	0.0
2026-04-20 08:25:45-04:00	2.4	2.4	2.4	2.4	0	6.8	0.0
2026-04-20 08:25:50-04:00	2.4	2.4	2.4	2.4	0	6.8	0.0
2026-04-20 08:25:55-04:00	2.4	2.4	2.4	2.4	0	6.8	0.0
2026-04-20 08:26:00-04:00	2.4	2.4	2.4	2.4	0	6.8	0.0
2026-04-20 08:26:05-04:00	2.4	2.4	2.4	2.4	0	6.8	0.0
2026-04-20 08:26:10-04:00	2.4	2.4	2.4	2.4	0	6.8	0.0
2026-04-20 08:26:15-04:00	2.4	2.4	2.4	2.4	0	6.8	0.0
2026-04-20 08:26:20-04:00	2.4	2.4	2.4	2.4	0	6.8	0.0
2026-04-20 08:26:25-04:00	2.4	2.4	2.4	2.4	0	6.8	0.0
2026-04-20 08:26:30-04:00	2.4	2.4	2.4	2.4	0	6.8	0.0
2026-04-20 08:26:35-04:00	2.4	2.4	2.4	2.4	0	6.8	0.0
2026-04-20 08:26:40-04:00	2.4	2.4	2.4	2.4	0	6.8	0.0
2026-04-20 08:26:45-04:00	2.4	2.4	2.4	2.4	0	6.8	0.0
2026-04-20 08:26:50-04:00	2.4	2.4	2.4	2.4	0	6.8	0.0
2026-04-20 08:26:55-04:00	2.4	2.4	2.4	2.4	0	6.8	0.0
2026-04-20 08:27:00-04:00	2.4	2.4	2.4	2.4	0	6.8	0.0
2026-04-20 08:27:05-04:00	2.4	2.4	2.4	2.4	0	6.8	0.0
2026-04-20 08:27:10-04:00	2.4	2.4	2.4	2.4	0	6.8	0.0
2026-04-20 08:27:15-04:00	2.4	2.4	2.4	2.4	0	6.8	0.0
2026-04-20 08:27:20-04:00	2.4	2.4	2.4	2.4	0	6.8	0.0
2026-04-20 08:27:25-04:00	2.4	2.4	2.4	2.4	0	6.8	0.0
2026-04-20 08:27:30-04:00	2.4	2.4	2.4	2.4	0	6.8	0.0
2026-04-20 08:27:35-04:00	2.4	2.4	2.4	2.4	0	6.8	0.0
2026-04-20 08:27:40-04:00	2.4	2.4	2.4	2.4	0	6.8	0.0
2026-04-20 08:27:45-04:00	2.4	2.4	2.4	2.4	0	6.8	0.0
2026-04-20 08:27:50-04:00	2.4	2.4	2.4	2.4	0	6.8	0.0
2026-04-20 08:27:55-04:00	2.4	2.4	2.4	2.4	0	6.8	0.0
2026-04-20 08:28:00-04:00	2.4	2.4	2.4	2.4	0	6.8	0.0
2026-04-20 08:28:05-04:00	2.4	2.4	2.4	2.4	0	6.8	0.0
2026-04-20 08:28:10-04:00	2.4	2.4	2.4	2.4	0	6.8	0.0
2026-04-20 08:28:15-04:00	2.4	2.4	2.4	2.4	0	6.8	0.0
2026-04-20 08:28:20-04:00	2.4	2.4	2.4	2.4	0	6.8	0.0
2026-04-20 08:28:25-04:00	2.4	2.4	2.4	2.4	0	6.8	0.0
2026-04-20 08:28:30-04:00	2.4	2.4	2.4	2.4	0	6.8	0.0
2026-04-20 08:28:35-04:00	2.4	2.4	2.4	2.4	0	6.8	0.0
2026-04-20 08:28:40-04:00	2.4	2.4	2.4	2.4	0	6.8	0.0
2026-04-20 08:28:45-04:00	2.4	2.4	2.4	2.4	0	6.8	0.0
2026-04-20 08:28:50-04:00	2.4	2.4	2.4	2.4	0	6.8	0.0
2026-04-20 08:28:55-04:00	2.4	2.4	2.4	2.4	0	6.8	0.0
2026-04-20 08:29:00-04:00	2.4	2.4	2.4	2.4	0	6.8	0.0
2026-04-20 08:29:05-04:00	2.4	2.4	2.4	2.4	0	6.8	0.0
2026-04-20 08:29:10-04:00	2.4	2.4	2.4	2.4	0	6.8	0.0
2026-04-20 08:29:15-04:00	2.4	2.4	2.4	2.4	0	6.8	0.0
2026-04-20 08:29:20-04:00	2.4	2.4	2.4	2.4	0	6.8	0.0
2026-04-20 08:29:25-04:00	2.4	2.4	2.4	2.4	0	6.8	0.0
2026-04-20 08:29:30-04:00	2.4	2.4	2.4	2.4	0	6.8	0.0
2026-04-20 08:29:35-04:00	2.4	2.4	2.4	2.4	0	6.8	0.0
2026-04-20 08:29:40-04:00	2.4	2.4	2.4	2.4	0	6.8	0.0
2026-04-20 08:29:45-04:00	2.4	2.4	2.4	2.4	0	6.8	0.0
2026-04-20 08:29:50-04:00	2.4	2.4	2.4	2.4	0	6.8	0.0
2026-04-20 08:29:55-04:00	2.4	2.4	2.4	2.4	0	6.8	0.0
2026-04-20 08:30:00-04:00	2.4	2.4	2.4	2.4	0	6.8	0.0
2026-04-20 08:30:05-04:00	2.4	2.4	2.4	2.4	0	6.8	0.0
2026-04-20 08:30:10-04:00	2.4	2.4	2.4	2.4	0	6.8	0.0
2026-04-20 08:30:15-04:00	2.4	2.4	2.4	2.4	0	6.8	0.0
2026-04-20 08:30:20-04:00	2.4	2.4	2.4	2.4	0	6.8	0.0
2026-04-20 08:30:25-04:00	2.4	2.4	2.4	2.4	0	6.8	0.0
2026-04-20 08:30:30-04:00	2.4	2.4	2.4	2.4	0	6.8	0.0
2026-04-20 08:30:35-04:00	2.4	2.4	2.4	2.4	0	6.8	0.0
2026-04-20 08:30:40-04:00	2.4	2.4	2.4	2.4	0	6.8	0.0
2026-04-20 08:30:45-04:00	2.4	2.4	2.4	2.4	0	6.8	0.0
2026-04-20 08:30:50-04:00	2.4	2.4	2.4	2.4	0	6.8	0.0
2026-04-20 08:30:55-04:00	2.4	2.4	2.4	2.4	0	6.8	0.0
2026-04-20 08:31:00-04:00	2.4	2.4	2.4	2.4	0	6.8	0.0
2026-04-20 08:31:05-04:00	2.4	2.4	2.4	2.4	0	6.8	0.0
2026-04-20 08:31:10-04:00	2.4	2.4	2.4	2.4	0	6.8	0.0
2026-04-20 08:31:15-04:00	2.4	2.4	2.4	2.4	0	6.8	0.0
2026-04-20 08:31:20-04:00	2.4	2.4	2.4	2.4	0	6.8	0.0
2026-04-20 08:31:25-04:00	2.4	2.4	2.4	2.4	0	6.8	0.0
2026-04-20 08:31:30-04:00	2.4	2.4	2.4	2.4	0	6.8	0.0
2026-04-20 08:31:35-04:00	2.4	2.4	2.4	2.4	0	6.8	0.0
2026-04-20 08:31:40-04:00	2.4	2.4	2.4	2.4	0	6.8	0.0
2026-04-20 08:31:45-04:00	2.4	2.4	2.4	2.4	0	6.8	0.0
2026-04-20 08:31:50-04:00	2.4	2.4	2.4	2.4	0	6.8	0.0
2026-04-20 08:31:55-04:00	2.4	2.4	2.4	2.4	0	6.8	0.0
2026-04-20 08:32:00-04:00	2.4	2.4	2.4	2.4	0	6.8	0.0
2026-04-20 08:32:05-04:00	2.4	2.4	2.4	2.4	0	6.8	0.0
2026-04-20 08:32:10-04:00	2.4	2.4	2.4	2.4	0	6.8	0.0
2026-04-20 08:32:15-04:00	2.4	2.4	2.4	2.4	0	6.8	0.0
2026-04-20 08:32:20-04:00	2.4	2.4	2.4	2.4	0	6.8	0.0
2026-04-20 08:32:25-04:00	2.4	2.4	2.4	2.4	0	6.8	0.0
2026-04-20 08:32:30-04:00	2.4	2.4	2.4	2.4	0	6.8	0.0
2026-04-20 08:32:35-04:00	2.4	2.4	2.4	2.4	0	6.8	0.0
2026-04-20 08:32:40-04:00	2.4	2.4	2.4	2.4	0	6.8	0.0
2026-04-20 08:32:45-04:00	2.4	2.4	2.4	2.4	0	6.8	0.0
2026-04-20 08:32:50-04:00	2.4	2.4	2.4	2.4	0	6.8	0.0
2026-04-20 08:32:55-04:00	2.4	2.4	2.4	2.4	0	6.8	0.0
2026-04-20 08:33:00-04:00	2.4	2.4	2.4	2.4	0	6.8	0.0
2026-04-20 08:33:05-04:00	2.4	2.4	2.4	2.4	0	6.8	0.0
2026-04-20 08:33:10-04:00	2.4	2.4	2.4	2.4	0	6.8	0.0
2026-04-20 08:33:15-04:00	2.4	2.4	2.4	2.4	0	6.8	0.0
2026-04-20 08:33:20-04:00	2.4	2.4	2.4	2.4	0	6.8	0.0
2026-04-20 08:33:25-04:00	2.4	2.4	2.4	2.4	0	6.8	0.0
2026-04-20 08:33:30-04:00	2.4	2.4	2.4	2.4	0	6.8	0.0
2026-04-20 08:33:35-04:00	2.4	2.4	2.4	2.4	0	6.8	0.0
2026-04-20 08:33:40-04:00	2.4	2.4	2.4	2.4	0	6.8	0.0
2026-04-20 08:33:45-04:00	2.4	2.4	2.4	2.4	0	6.8	0.0
2026-04-20 08:33:50-04:00	2.4	2.4	2.4	2.4	0	6.8	0.0
2026-04-20 08:33:55-04:00	2.4	2.4	2.4	2.4	0	6.8	0.0
2026-04-20 08:34:00-04:00	2.4	2.4	2.4	2.4	0	6.8	0.0
2026-04-20 08:34:05-04:00	2.4	2.4	2.4	2.4	0	6.8	0.0
2026-04-20 08:34:10-04:00	2.4	2.4	2.4	2.4	0	6.8	0.0
2026-04-20 08:34:15-04:00	2.4	2.4	2.4	2.4	0	6.8	0.0
2026-04-20 08:34:20-04:00	2.42	2.42	2.42	2.42	10	6.8	1.4705882352941178
2026-04-20 08:34:25-04:00	2.42	2.42	2.42	2.42	0	6.8	0.0
2026-04-20 08:34:30-04:00	2.42	2.42	2.42	2.42	0	6.8	0.0
2026-04-20 08:34:35-04:00	2.42	2.42	2.42	2.42	0	6.8	0.0
2026-04-20 08:34:40-04:00	2.42	2.42	2.42	2.42	0	6.8	0.0
2026-04-20 08:34:45-04:00	2.42	2.42	2.42	2.42	0	6.8	0.0
2026-04-20 08:34:50-04:00	2.42	2.42	2.42	2.42	0	6.8	0.0
2026-04-20 08:34:55-04:00	2.42	2.42	2.42	2.42	0	6.8	0.0
2026-04-20 08:35:00-04:00	2.42	2.42	2.42	2.42	0	6.8	0.0
2026-04-20 08:35:05-04:00	2.42	2.42	2.42	2.42	0	6.8	0.0
2026-04-20 08:35:10-04:00	2.42	2.42	2.42	2.42	0	6.8	0.0
2026-04-20 08:35:15-04:00	2.42	2.42	2.42	2.42	0	6.8	0.0
2026-04-20 08:35:20-04:00	2.42	2.42	2.42	2.42	0	6.8	0.0
2026-04-20 08:35:25-04:00	2.42	2.42	2.42	2.42	0	6.8	0.0
2026-04-20 08:35:30-04:00	2.42	2.42	2.42	2.42	0	6.8	0.0
2026-04-20 08:35:35-04:00	2.42	2.42	2.42	2.42	0	6.8	0.0
2026-04-20 08:35:40-04:00	2.42	2.42	2.42	2.42	0	6.8	0.0
2026-04-20 08:35:45-04:00	2.42	2.42	2.42	2.42	0	6.8	0.0
2026-04-20 08:35:50-04:00	2.42	2.42	2.42	2.42	0	6.8	0.0
2026-04-20 08:35:55-04:00	2.42	2.42	2.42	2.42	0	6.8	0.0
2026-04-20 08:36:00-04:00	2.42	2.42	2.42	2.42	0	6.8	0.0
2026-04-20 08:36:05-04:00	2.42	2.42	2.42	2.42	0	6.8	0.0
2026-04-20 08:36:10-04:00	2.42	2.42	2.42	2.42	0	6.8	0.0
2026-04-20 08:36:15-04:00	2.42	2.42	2.42	2.42	0	6.8	0.0
2026-04-20 08:36:20-04:00	2.42	2.42	2.42	2.42	0	6.8	0.0
2026-04-20 08:36:25-04:00	2.42	2.42	2.42	2.42	0	6.8	0.0
2026-04-20 08:36:30-04:00	2.42	2.42	2.42	2.42	0	6.8	0.0
2026-04-20 08:36:35-04:00	2.42	2.42	2.42	2.42	0	6.8	0.0
2026-04-20 08:36:40-04:00	2.42	2.42	2.42	2.42	0	6.8	0.0
2026-04-20 08:36:45-04:00	2.42	2.42	2.42	2.42	0	6.8	0.0
2026-04-20 08:36:50-04:00	2.42	2.42	2.42	2.42	0	6.8	0.0
2026-04-20 08:36:55-04:00	2.42	2.42	2.42	2.42	0	6.8	0.0
2026-04-20 08:37:00-04:00	2.42	2.42	2.42	2.42	0	6.8	0.0
2026-04-20 08:37:05-04:00	2.42	2.42	2.42	2.42	0	6.8	0.0
2026-04-20 08:37:10-04:00	2.42	2.42	2.42	2.42	0	6.8	0.0
2026-04-20 08:37:15-04:00	2.42	2.42	2.42	2.42	0	6.8	0.0
2026-04-20 08:37:20-04:00	2.42	2.42	2.42	2.42	0	6.8	0.0
2026-04-20 08:37:25-04:00	2.42	2.42	2.42	2.42	0	6.8	0.0
2026-04-20 08:37:30-04:00	2.42	2.42	2.42	2.42	0	6.8	0.0
2026-04-20 08:37:35-04:00	2.42	2.42	2.42	2.42	0	6.8	0.0
2026-04-20 08:37:40-04:00	2.42	2.42	2.42	2.42	0	6.8	0.0
2026-04-20 08:37:45-04:00	2.42	2.42	2.42	2.42	0	6.8	0.0
2026-04-20 08:37:50-04:00	2.42	2.42	2.42	2.42	0	6.8	0.0
2026-04-20 08:37:55-04:00	2.42	2.42	2.42	2.42	0	6.8	0.0
2026-04-20 08:38:00-04:00	2.42	2.42	2.42	2.42	0	6.8	0.0
2026-04-20 08:38:05-04:00	2.42	2.42	2.42	2.42	0	6.8	0.0
2026-04-20 08:38:10-04:00	2.42	2.42	2.42	2.42	0	6.8	0.0
2026-04-20 08:38:15-04:00	2.42	2.42	2.42	2.42	0	6.8	0.0
2026-04-20 08:38:20-04:00	2.42	2.42	2.42	2.42	0	6.8	0.0
2026-04-20 08:38:25-04:00	2.42	2.42	2.42	2.42	0	6.8	0.0
2026-04-20 08:38:30-04:00	2.42	2.42	2.42	2.42	0	6.8	0.0
2026-04-20 08:38:35-04:00	2.42	2.42	2.42	2.42	0	6.8	0.0
2026-04-20 08:38:40-04:00	2.42	2.42	2.42	2.42	0	6.8	0.0
2026-04-20 08:38:45-04:00	2.42	2.42	2.42	2.42	0	6.8	0.0
2026-04-20 08:38:50-04:00	2.42	2.42	2.42	2.42	0	6.8	0.0
2026-04-20 08:38:55-04:00	2.42	2.42	2.42	2.42	0	6.8	0.0
2026-04-20 08:39:00-04:00	2.42	2.42	2.42	2.42	0	6.8	0.0
2026-04-20 08:39:05-04:00	2.42	2.42	2.42	2.42	0	6.8	0.0
2026-04-20 08:39:10-04:00	2.42	2.42	2.42	2.42	0	6.8	0.0
2026-04-20 08:39:15-04:00	2.42	2.42	2.42	2.42	0	6.8	0.0
2026-04-20 08:39:20-04:00	2.42	2.42	2.42	2.42	0	6.8	0.0
2026-04-20 08:39:25-04:00	2.42	2.42	2.42	2.42	0	6.8	0.0
2026-04-20 08:39:30-04:00	2.42	2.42	2.42	2.42	0	6.8	0.0
2026-04-20 08:39:35-04:00	2.42	2.42	2.42	2.42	0	6.8	0.0
2026-04-20 08:39:40-04:00	2.42	2.42	2.42	2.42	0	6.8	0.0
2026-04-20 08:39:45-04:00	2.42	2.42	2.42	2.42	0	6.8	0.0
2026-04-20 08:39:50-04:00	2.42	2.42	2.42	2.42	0	6.8	0.0
2026-04-20 08:39:55-04:00	2.42	2.42	2.42	2.42	0	6.8	0.0
2026-04-20 08:40:00-04:00	2.42	2.42	2.42	2.42	0	6.8	0.0
2026-04-20 08:40:05-04:00	2.42	2.42	2.42	2.42	0	6.8	0.0
2026-04-20 08:40:10-04:00	2.42	2.42	2.42	2.42	0	6.8	0.0
2026-04-20 08:40:15-04:00	2.42	2.42	2.42	2.42	0	6.8	0.0
2026-04-20 08:40:20-04:00	2.42	2.42	2.42	2.42	0	6.8	0.0
2026-04-20 08:40:25-04:00	2.42	2.42	2.42	2.42	0	6.8	0.0
2026-04-20 08:40:30-04:00	2.42	2.42	2.42	2.42	0	6.8	0.0
2026-04-20 08:40:35-04:00	2.42	2.42	2.42	2.42	0	6.8	0.0
2026-04-20 08:40:40-04:00	2.42	2.42	2.42	2.42	0	6.8	0.0
2026-04-20 08:40:45-04:00	2.42	2.42	2.42	2.42	0	6.8	0.0
2026-04-20 08:40:50-04:00	2.42	2.42	2.42	2.42	0	6.8	0.0
2026-04-20 08:40:55-04:00	2.42	2.42	2.42	2.42	0	6.8	0.0
2026-04-20 08:41:00-04:00	2.42	2.42	2.42	2.42	0	6.8	0.0
2026-04-20 08:41:05-04:00	2.42	2.42	2.42	2.42	0	6.8	0.0
2026-04-20 08:41:10-04:00	2.42	2.42	2.42	2.42	0	6.8	0.0
2026-04-20 08:41:15-04:00	2.42	2.42	2.42	2.42	0	6.8	0.0
2026-04-20 08:41:20-04:00	2.42	2.42	2.42	2.42	0	6.8	0.0
2026-04-20 08:41:25-04:00	2.42	2.42	2.42	2.42	0	6.8	0.0
2026-04-20 08:41:30-04:00	2.42	2.42	2.42	2.42	0	6.8	0.0
2026-04-20 08:41:35-04:00	2.42	2.42	2.42	2.42	0	6.8	0.0
2026-04-20 08:41:40-04:00	2.42	2.42	2.42	2.42	0	6.8	0.0
2026-04-20 08:41:45-04:00	2.42	2.42	2.42	2.42	0	6.8	0.0
2026-04-20 08:41:50-04:00	2.42	2.42	2.42	2.42	0	6.8	0.0
2026-04-20 08:41:55-04:00	2.42	2.42	2.42	2.42	0	6.8	0.0
2026-04-20 08:42:00-04:00	2.42	2.42	2.42	2.42	0	6.8	0.0
2026-04-20 08:42:05-04:00	2.42	2.42	2.42	2.42	0	6.8	0.0
2026-04-20 08:42:10-04:00	2.42	2.42	2.42	2.42	0	6.8	0.0
2026-04-20 08:42:15-04:00	2.42	2.42	2.42	2.42	0	6.8	0.0
2026-04-20 08:42:20-04:00	2.42	2.42	2.42	2.42	0	6.8	0.0
2026-04-20 08:42:25-04:00	2.42	2.42	2.42	2.42	0	6.8	0.0
2026-04-20 08:42:30-04:00	2.42	2.42	2.42	2.42	0	6.8	0.0
2026-04-20 08:42:35-04:00	2.42	2.42	2.42	2.42	0	6.8	0.0
2026-04-20 08:42:40-04:00	2.42	2.42	2.42	2.42	0	6.8	0.0
2026-04-20 08:42:45-04:00	2.42	2.42	2.42	2.42	0	6.8	0.0
2026-04-20 08:42:50-04:00	2.42	2.42	2.42	2.42	0	6.8	0.0
2026-04-20 08:42:55-04:00	2.42	2.42	2.42	2.42	0	6.8	0.0
2026-04-20 08:43:00-04:00	2.42	2.42	2.42	2.42	0	6.8	0.0
2026-04-20 08:43:05-04:00	2.42	2.42	2.42	2.42	0	6.8	0.0
2026-04-20 08:43:10-04:00	2.42	2.42	2.42	2.42	0	6.8	0.0
2026-04-20 08:43:15-04:00	2.42	2.42	2.42	2.42	0	6.8	0.0
2026-04-20 08:43:20-04:00	2.42	2.42	2.42	2.42	0	6.8	0.0
2026-04-20 08:43:25-04:00	2.42	2.42	2.42	2.42	0	6.8	0.0
2026-04-20 08:43:30-04:00	2.42	2.42	2.42	2.42	0	6.8	0.0
2026-04-20 08:43:35-04:00	2.42	2.42	2.42	2.42	0	6.8	0.0
2026-04-20 08:43:40-04:00	2.42	2.42	2.42	2.42	0	6.8	0.0
2026-04-20 08:43:45-04:00	2.42	2.42	2.42	2.42	0	6.8	0.0
2026-04-20 08:43:50-04:00	2.42	2.42	2.42	2.42	0	6.8	0.0
2026-04-20 08:43:55-04:00	2.42	2.42	2.42	2.42	0	6.8	0.0
2026-04-20 08:44:00-04:00	2.42	2.42	2.42	2.42	0	6.8	0.0
2026-04-20 08:44:05-04:00	2.42	2.42	2.42	2.42	0	6.8	0.0
2026-04-20 08:44:10-04:00	2.42	2.42	2.42	2.42	0	6.8	0.0
2026-04-20 08:44:15-04:00	2.42	2.42	2.42	2.42	0	6.8	0.0
2026-04-20 08:44:20-04:00	2.42	2.42	2.42	2.42	0	6.8	0.0
2026-04-20 08:44:25-04:00	2.42	2.42	2.42	2.42	0	6.8	0.0
2026-04-20 08:44:30-04:00	2.42	2.42	2.42	2.42	0	6.8	0.0
2026-04-20 08:44:35-04:00	2.42	2.42	2.42	2.42	0	6.8	0.0
2026-04-20 08:44:40-04:00	2.42	2.42	2.42	2.42	0	6.8	0.0
2026-04-20 08:44:45-04:00	2.42	2.42	2.42	2.42	0	6.8	0.0
2026-04-20 08:44:50-04:00	2.42	2.42	2.42	2.42	0	6.8	0.0
2026-04-20 08:44:55-04:00	2.42	2.42	2.42	2.42	0	6.8	0.0
2026-04-20 08:45:00-04:00	2.42	2.42	2.42	2.42	0	6.8	0.0
2026-04-20 08:45:05-04:00	2.42	2.42	2.42	2.42	0	6.8	0.0
2026-04-20 08:45:10-04:00	2.42	2.42	2.42	2.42	0	6.8	0.0
2026-04-20 08:45:15-04:00	2.42	2.42	2.42	2.42	0	6.8	0.0
2026-04-20 08:45:20-04:00	2.42	2.42	2.42	2.42	0	6.8	0.0
2026-04-20 08:45:25-04:00	2.42	2.42	2.42	2.42	0	6.8	0.0
2026-04-20 08:45:30-04:00	2.42	2.42	2.42	2.42	0	6.8	0.0
2026-04-20 08:45:35-04:00	2.42	2.42	2.42	2.42	0	6.8	0.0
2026-04-20 08:45:40-04:00	2.42	2.42	2.42	2.42	0	6.8	0.0
2026-04-20 08:45:45-04:00	2.42	2.42	2.42	2.42	0	6.8	0.0
2026-04-20 08:45:50-04:00	2.42	2.42	2.42	2.42	0	6.8	0.0
2026-04-20 08:45:55-04:00	2.42	2.42	2.42	2.42	0	6.8	0.0
2026-04-20 08:46:00-04:00	2.42	2.42	2.42	2.42	0	6.8	0.0
2026-04-20 08:46:05-04:00	2.42	2.42	2.42	2.42	0	6.8	0.0
2026-04-20 08:46:10-04:00	2.42	2.42	2.42	2.42	0	6.8	0.0
2026-04-20 08:46:15-04:00	2.42	2.42	2.42	2.42	0	6.8	0.0
2026-04-20 08:46:20-04:00	2.42	2.42	2.42	2.42	0	6.8	0.0
2026-04-20 08:46:25-04:00	2.42	2.42	2.42	2.42	0	6.8	0.0
2026-04-20 08:46:30-04:00	2.42	2.42	2.42	2.42	0	6.8	0.0
2026-04-20 08:46:35-04:00	2.42	2.42	2.42	2.42	0	6.8	0.0
2026-04-20 08:46:40-04:00	2.42	2.42	2.42	2.42	0	6.8	0.0
2026-04-20 08:46:45-04:00	2.42	2.42	2.42	2.42	0	6.8	0.0
2026-04-20 08:46:50-04:00	2.42	2.42	2.42	2.42	0	6.8	0.0
2026-04-20 08:46:55-04:00	2.42	2.42	2.42	2.42	0	6.8	0.0
2026-04-20 08:47:00-04:00	2.42	2.42	2.42	2.42	0	6.8	0.0
2026-04-20 08:47:05-04:00	2.42	2.42	2.42	2.42	0	6.8	0.0
2026-04-20 08:47:10-04:00	2.42	2.42	2.42	2.42	0	6.8	0.0
2026-04-20 08:47:15-04:00	2.42	2.42	2.42	2.42	0	6.8	0.0
2026-04-20 08:47:20-04:00	2.42	2.42	2.42	2.42	0	6.8	0.0
2026-04-20 08:47:25-04:00	2.42	2.42	2.42	2.42	0	6.8	0.0
2026-04-20 08:47:30-04:00	2.42	2.42	2.42	2.42	0	6.8	0.0
2026-04-20 08:47:35-04:00	2.42	2.42	2.42	2.42	0	6.8	0.0
2026-04-20 08:47:40-04:00	2.42	2.42	2.42	2.42	0	6.8	0.0
2026-04-20 08:47:45-04:00	2.42	2.42	2.42	2.42	0	6.8	0.0
2026-04-20 08:47:50-04:00	2.42	2.42	2.42	2.42	0	6.8	0.0
2026-04-20 08:47:55-04:00	2.42	2.42	2.42	2.42	0	6.8	0.0
2026-04-20 08:48:00-04:00	2.42	2.42	2.42	2.42	0	6.8	0.0
2026-04-20 08:48:05-04:00	2.42	2.42	2.42	2.42	0	6.8	0.0
2026-04-20 08:48:10-04:00	2.42	2.42	2.42	2.42	0	6.8	0.0
2026-04-20 08:48:15-04:00	2.42	2.42	2.42	2.42	0	6.8	0.0
2026-04-20 08:48:20-04:00	2.42	2.42	2.42	2.42	0	6.8	0.0
2026-04-20 08:48:25-04:00	2.42	2.42	2.42	2.42	0	6.8	0.0
2026-04-20 08:48:30-04:00	2.42	2.42	2.42	2.42	0	6.8	0.0
2026-04-20 08:48:35-04:00	2.42	2.42	2.42	2.42	0	6.8	0.0
2026-04-20 08:48:40-04:00	2.42	2.42	2.42	2.42	0	6.8	0.0
2026-04-20 08:48:45-04:00	2.42	2.42	2.42	2.42	0	6.8	0.0
2026-04-20 08:48:50-04:00	2.42	2.42	2.42	2.42	0	6.8	0.0
2026-04-20 08:48:55-04:00	2.42	2.42	2.42	2.42	0	6.8	0.0
2026-04-20 08:49:00-04:00	2.42	2.42	2.42	2.42	0	6.8	0.0
2026-04-20 08:49:05-04:00	2.42	2.42	2.42	2.42	0	6.8	0.0
2026-04-20 08:49:10-04:00	2.42	2.42	2.42	2.42	0	6.8	0.0
2026-04-20 08:49:15-04:00	2.42	2.42	2.42	2.42	0	6.8	0.0
2026-04-20 08:49:20-04:00	2.42	2.42	2.42	2.42	0	6.8	0.0
2026-04-20 08:49:25-04:00	2.42	2.42	2.42	2.42	0	6.8	0.0
2026-04-20 08:49:30-04:00	2.42	2.42	2.42	2.42	0	6.8	0.0
2026-04-20 08:49:35-04:00	2.42	2.42	2.42	2.42	0	6.8	0.0
2026-04-20 08:49:40-04:00	2.42	2.42	2.42	2.42	0	6.8	0.0
2026-04-20 08:49:45-04:00	2.42	2.42	2.42	2.42	0	6.8	0.0
2026-04-20 08:49:50-04:00	2.42	2.42	2.42	2.42	0	6.8	0.0
2026-04-20 08:49:55-04:00	2.42	2.42	2.42	2.42	0	6.8	0.0
2026-04-20 08:50:00-04:00	2.42	2.42	2.42	2.42	0	6.8	0.0
2026-04-20 08:50:05-04:00	2.42	2.42	2.42	2.42	0	6.8	0.0
2026-04-20 08:50:10-04:00	2.42	2.42	2.42	2.42	0	6.8	0.0
2026-04-20 08:50:15-04:00	2.42	2.42	2.42	2.42	0	6.8	0.0
2026-04-20 08:50:20-04:00	2.42	2.42	2.42	2.42	0	6.8	0.0
2026-04-20 08:50:25-04:00	2.42	2.42	2.42	2.42	0	6.8	0.0
2026-04-20 08:50:30-04:00	2.42	2.42	2.42	2.42	0	6.8	0.0
2026-04-20 08:50:35-04:00	2.42	2.42	2.42	2.42	0	6.8	0.0
2026-04-20 08:50:40-04:00	2.42	2.42	2.42	2.42	0	6.8	0.0
2026-04-20 08:50:45-04:00	2.42	2.42	2.42	2.42	0	6.8	0.0
2026-04-20 08:50:50-04:00	2.42	2.42	2.42	2.42	0	6.8	0.0
2026-04-20 08:50:55-04:00	2.42	2.42	2.42	2.42	0	6.8	0.0
2026-04-20 08:51:00-04:00	2.42	2.42	2.42	2.42	0	6.8	0.0
2026-04-20 08:51:05-04:00	2.42	2.42	2.42	2.42	0	6.8	0.0
2026-04-20 08:51:10-04:00	2.42	2.42	2.42	2.42	0	6.8	0.0
2026-04-20 08:51:15-04:00	2.42	2.42	2.42	2.42	0	6.8	0.0
2026-04-20 08:51:20-04:00	2.42	2.42	2.42	2.42	0	6.8	0.0
2026-04-20 08:51:25-04:00	2.42	2.42	2.42	2.42	0	6.8	0.0
2026-04-20 08:51:30-04:00	2.42	2.42	2.42	2.42	0	6.8	0.0
2026-04-20 08:51:35-04:00	2.42	2.42	2.42	2.42	0	6.8	0.0
2026-04-20 08:51:40-04:00	2.42	2.42	2.42	2.42	0	6.8	0.0
2026-04-20 08:51:45-04:00	2.42	2.42	2.42	2.42	0	6.8	0.0
2026-04-20 08:51:50-04:00	2.42	2.42	2.42	2.42	0	6.8	0.0
2026-04-20 08:51:55-04:00	2.42	2.42	2.42	2.42	0	6.8	0.0
2026-04-20 08:52:00-04:00	2.42	2.42	2.42	2.42	0	6.8	0.0
2026-04-20 08:52:05-04:00	2.42	2.42	2.42	2.42	0	6.8	0.0
2026-04-20 08:52:10-04:00	2.42	2.42	2.42	2.42	0	6.8	0.0
2026-04-20 08:52:15-04:00	2.42	2.42	2.42	2.42	0	6.8	0.0
2026-04-20 08:52:20-04:00	2.42	2.42	2.42	2.42	0	6.8	0.0
2026-04-20 08:52:25-04:00	2.42	2.42	2.42	2.42	0	6.8	0.0
2026-04-20 08:52:30-04:00	2.42	2.42	2.42	2.42	0	6.8	0.0
2026-04-20 08:52:35-04:00	2.42	2.42	2.42	2.42	0	6.8	0.0
2026-04-20 08:52:40-04:00	2.4195	2.4195	2.4195	2.4195	2	6.8	0.29411764705882354
2026-04-20 08:52:45-04:00	2.4195	2.4195	2.4195	2.4195	0	6.8	0.0
2026-04-20 08:52:50-04:00	2.4195	2.4195	2.4195	2.4195	0	6.8	0.0
2026-04-20 08:52:55-04:00	2.4195	2.4195	2.4195	2.4195	0	6.8	0.0
2026-04-20 08:53:00-04:00	2.4195	2.4195	2.4195	2.4195	0	6.8	0.0
2026-04-20 08:53:05-04:00	2.4195	2.4195	2.4195	2.4195	0	6.8	0.0
2026-04-20 08:53:10-04:00	2.4195	2.4195	2.4195	2.4195	0	6.8	0.0
2026-04-20 08:53:15-04:00	2.4195	2.4195	2.4195	2.4195	0	6.8	0.0
2026-04-20 08:53:20-04:00	2.4195	2.4195	2.4195	2.4195	0	6.8	0.0
2026-04-20 08:53:25-04:00	2.4195	2.4195	2.4195	2.4195	0	6.8	0.0
2026-04-20 08:53:30-04:00	2.4195	2.4195	2.4195	2.4195	0	6.8	0.0
2026-04-20 08:53:35-04:00	2.4195	2.4195	2.4195	2.4195	0	6.8	0.0
2026-04-20 08:53:40-04:00	2.4195	2.4195	2.4195	2.4195	0	6.8	0.0
2026-04-20 08:53:45-04:00	2.4195	2.4195	2.4195	2.4195	0	6.8	0.0
2026-04-20 08:53:50-04:00	2.4195	2.4195	2.4195	2.4195	0	6.8	0.0
2026-04-20 08:53:55-04:00	2.4195	2.4195	2.4195	2.4195	0	6.8	0.0
2026-04-20 08:54:00-04:00	2.4195	2.4195	2.4195	2.4195	0	6.8	0.0
2026-04-20 08:54:05-04:00	2.4195	2.4195	2.4195	2.4195	0	6.8	0.0
2026-04-20 08:54:10-04:00	2.4195	2.4195	2.4195	2.4195	0	6.8	0.0
2026-04-20 08:54:15-04:00	2.4195	2.4195	2.4195	2.4195	0	6.8	0.0
2026-04-20 08:54:20-04:00	2.4195	2.4195	2.4195	2.4195	0	6.8	0.0
2026-04-20 08:54:25-04:00	2.4195	2.4195	2.4195	2.4195	0	6.8	0.0
2026-04-20 08:54:30-04:00	2.4195	2.4195	2.4195	2.4195	0	6.8	0.0
2026-04-20 08:54:35-04:00	2.4195	2.4195	2.4195	2.4195	0	6.8	0.0
2026-04-20 08:54:40-04:00	2.4195	2.4195	2.4195	2.4195	0	6.8	0.0
2026-04-20 08:54:45-04:00	2.4195	2.4195	2.4195	2.4195	0	6.8	0.0
2026-04-20 08:54:50-04:00	2.4195	2.4195	2.4195	2.4195	0	6.8	0.0
2026-04-20 08:54:55-04:00	2.4195	2.4195	2.4195	2.4195	0	6.8	0.0
2026-04-20 08:55:00-04:00	2.4195	2.4195	2.4195	2.4195	0	6.8	0.0
2026-04-20 08:55:05-04:00	2.4195	2.4195	2.4195	2.4195	0	6.8	0.0
2026-04-20 08:55:10-04:00	2.4195	2.4195	2.4195	2.4195	0	6.8	0.0
2026-04-20 08:55:15-04:00	2.4195	2.4195	2.4195	2.4195	0	6.8	0.0
2026-04-20 08:55:20-04:00	2.4195	2.4195	2.4195	2.4195	0	6.8	0.0
2026-04-20 08:55:25-04:00	2.4195	2.4195	2.4195	2.4195	0	6.8	0.0
2026-04-20 08:55:30-04:00	2.4195	2.4195	2.4195	2.4195	0	6.8	0.0
2026-04-20 08:55:35-04:00	2.4195	2.4195	2.4195	2.4195	0	6.8	0.0
2026-04-20 08:55:40-04:00	2.4195	2.4195	2.4195	2.4195	0	6.8	0.0
2026-04-20 08:55:45-04:00	2.4195	2.4195	2.4195	2.4195	0	6.8	0.0
2026-04-20 08:55:50-04:00	2.4195	2.4195	2.4195	2.4195	0	6.8	0.0
2026-04-20 08:55:55-04:00	2.4195	2.4195	2.4195	2.4195	0	6.8	0.0
2026-04-20 08:56:00-04:00	2.4195	2.4195	2.4195	2.4195	0	6.8	0.0
2026-04-20 08:56:05-04:00	2.4195	2.4195	2.4195	2.4195	0	6.8	0.0
2026-04-20 08:56:10-04:00	2.4195	2.4195	2.4195	2.4195	0	6.8	0.0
2026-04-20 08:56:15-04:00	2.4195	2.4195	2.4195	2.4195	0	6.8	0.0
2026-04-20 08:56:20-04:00	2.4195	2.4195	2.4195	2.4195	0	6.8	0.0
2026-04-20 08:56:25-04:00	2.4195	2.4195	2.4195	2.4195	0	6.8	0.0
2026-04-20 08:56:30-04:00	2.42	2.42	2.42	2.42	50	6.8	7.352941176470589
2026-04-20 08:56:35-04:00	2.42	2.42	2.42	2.42	0	6.8	0.0
2026-04-20 08:56:40-04:00	2.42	2.42	2.42	2.42	0	6.8	0.0
2026-04-20 08:56:45-04:00	2.42	2.42	2.42	2.42	0	6.8	0.0
2026-04-20 08:56:50-04:00	2.42	2.42	2.42	2.42	0	6.8	0.0
2026-04-20 08:56:55-04:00	2.42	2.42	2.42	2.42	1	6.8	0.14705882352941177
2026-04-20 08:57:00-04:00	2.42	2.42	2.42	2.42	0	6.8	0.0
2026-04-20 08:57:05-04:00	2.42	2.42	2.42	2.42	0	6.8	0.0
2026-04-20 08:57:10-04:00	2.42	2.42	2.42	2.42	0	6.8	0.0
2026-04-20 08:57:15-04:00	2.42	2.42	2.42	2.42	0	6.8	0.0
2026-04-20 08:57:20-04:00	2.42	2.42	2.42	2.42	0	6.8	0.0
2026-04-20 08:57:25-04:00	2.42	2.42	2.42	2.42	0	6.8	0.0
2026-04-20 08:57:30-04:00	2.42	2.42	2.42	2.42	0	6.8	0.0
2026-04-20 08:57:35-04:00	2.42	2.42	2.42	2.42	0	6.8	0.0
2026-04-20 08:57:40-04:00	2.42	2.42	2.42	2.42	0	6.8	0.0
2026-04-20 08:57:45-04:00	2.42	2.42	2.42	2.42	0	6.8	0.0
2026-04-20 08:57:50-04:00	2.42	2.42	2.42	2.42	0	6.8	0.0
2026-04-20 08:57:55-04:00	2.42	2.42	2.42	2.42	0	6.8	0.0
2026-04-20 08:58:00-04:00	2.42	2.42	2.42	2.42	0	6.8	0.0
2026-04-20 08:58:05-04:00	2.42	2.42	2.42	2.42	0	6.8	0.0
2026-04-20 08:58:10-04:00	2.42	2.42	2.42	2.42	0	6.8	0.0
2026-04-20 08:58:15-04:00	2.42	2.42	2.42	2.42	0	6.8	0.0
2026-04-20 08:58:20-04:00	2.42	2.42	2.42	2.42	0	6.8	0.0
2026-04-20 08:58:25-04:00	2.42	2.42	2.42	2.42	0	6.8	0.0
2026-04-20 08:58:30-04:00	2.42	2.42	2.42	2.42	0	6.8	0.0
2026-04-20 08:58:35-04:00	2.42	2.42	2.42	2.42	0	6.8	0.0
2026-04-20 08:58:40-04:00	2.42	2.42	2.42	2.42	0	6.8	0.0
2026-04-20 08:58:45-04:00	2.42	2.42	2.42	2.42	0	6.8	0.0
2026-04-20 08:58:50-04:00	2.42	2.42	2.42	2.42	0	6.8	0.0
2026-04-20 08:58:55-04:00	2.42	2.42	2.42	2.42	0	6.8	0.0
2026-04-20 08:59:00-04:00	2.42	2.42	2.42	2.42	0	6.8	0.0
2026-04-20 08:59:05-04:00	2.42	2.42	2.42	2.42	0	6.8	0.0
2026-04-20 08:59:10-04:00	2.42	2.42	2.42	2.42	0	6.8	0.0
2026-04-20 08:59:15-04:00	2.42	2.42	2.42	2.42	0	6.8	0.0
2026-04-20 08:59:20-04:00	2.42	2.42	2.42	2.42	0	6.8	0.0
2026-04-20 08:59:25-04:00	2.42	2.42	2.42	2.42	0	6.8	0.0
2026-04-20 08:59:30-04:00	2.42	2.42	2.42	2.42	0	6.8	0.0
2026-04-20 08:59:35-04:00	2.42	2.42	2.42	2.42	0	6.8	0.0
2026-04-20 08:59:40-04:00	2.42	2.42	2.42	2.42	48	6.8	7.0588235294117645
2026-04-20 08:59:45-04:00	2.42	2.42	2.42	2.42	0	6.8	0.0
2026-04-20 08:59:50-04:00	2.42	2.42	2.42	2.42	0	6.8	0.0
2026-04-20 08:59:55-04:00	2.42	2.42	2.42	2.42	0	6.8	0.0
2026-04-20 09:00:00-04:00	2.42	2.42	2.42	2.42	0	6.8	0.0
2026-04-20 09:00:05-04:00	2.42	2.42	2.42	2.42	0	6.8	0.0
2026-04-20 09:00:10-04:00	2.42	2.42	2.42	2.42	0	6.8	0.0
2026-04-20 09:00:15-04:00	2.42	2.42	2.42	2.42	0	6.8	0.0
2026-04-20 09:00:20-04:00	2.42	2.42	2.42	2.42	0	6.8	0.0
2026-04-20 09:00:25-04:00	2.42	2.42	2.42	2.42	0	6.8	0.0
2026-04-20 09:00:30-04:00	2.42	2.42	2.42	2.42	0	6.8	0.0
2026-04-20 09:00:35-04:00	2.42	2.42	2.42	2.42	0	6.8	0.0
2026-04-20 09:00:40-04:00	2.42	2.42	2.42	2.42	0	6.8	0.0
2026-04-20 09:00:45-04:00	2.42	2.42	2.42	2.42	0	6.8	0.0
2026-04-20 09:00:50-04:00	2.42	2.42	2.42	2.42	0	6.8	0.0
2026-04-20 09:00:55-04:00	2.42	2.42	2.42	2.42	0	6.8	0.0
2026-04-20 09:01:00-04:00	2.42	2.42	2.42	2.42	0	6.8	0.0
2026-04-20 09:01:05-04:00	2.42	2.42	2.42	2.42	0	6.8	0.0
2026-04-20 09:01:10-04:00	2.42	2.42	2.42	2.42	0	6.8	0.0
2026-04-20 09:01:15-04:00	2.42	2.42	2.42	2.42	0	6.8	0.0
2026-04-20 09:01:20-04:00	2.42	2.42	2.42	2.42	0	6.8	0.0
2026-04-20 09:01:25-04:00	2.42	2.42	2.42	2.42	0	6.8	0.0
2026-04-20 09:01:30-04:00	2.42	2.42	2.42	2.42	0	6.8	0.0
2026-04-20 09:01:35-04:00	2.42	2.42	2.42	2.42	0	6.8	0.0
2026-04-20 09:01:40-04:00	2.42	2.42	2.42	2.42	0	6.8	0.0
2026-04-20 09:01:45-04:00	2.42	2.42	2.42	2.42	0	6.8	0.0
2026-04-20 09:01:50-04:00	2.42	2.42	2.42	2.42	0	6.8	0.0
2026-04-20 09:01:55-04:00	2.42	2.42	2.42	2.42	0	6.8	0.0
2026-04-20 09:02:00-04:00	2.42	2.42	2.42	2.42	0	6.8	0.0
2026-04-20 09:02:05-04:00	2.42	2.42	2.42	2.42	0	6.8	0.0
2026-04-20 09:02:10-04:00	2.42	2.42	2.42	2.42	0	6.8	0.0
2026-04-20 09:02:15-04:00	2.42	2.42	2.42	2.42	0	6.8	0.0
2026-04-20 09:02:20-04:00	2.42	2.42	2.42	2.42	0	6.8	0.0
2026-04-20 09:02:25-04:00	2.42	2.42	2.42	2.42	0	6.8	0.0
2026-04-20 09:02:30-04:00	2.42	2.42	2.42	2.42	0	6.8	0.0
2026-04-20 09:02:35-04:00	2.42	2.42	2.42	2.42	0	6.8	0.0
2026-04-20 09:02:40-04:00	2.42	2.42	2.42	2.42	0	6.8	0.0
2026-04-20 09:02:45-04:00	2.42	2.42	2.42	2.42	0	6.8	0.0
2026-04-20 09:02:50-04:00	2.42	2.42	2.42	2.42	0	6.8	0.0
2026-04-20 09:02:55-04:00	2.42	2.42	2.42	2.42	0	6.8	0.0
2026-04-20 09:03:00-04:00	2.42	2.42	2.42	2.42	0	6.8	0.0
2026-04-20 09:03:05-04:00	2.42	2.42	2.42	2.42	0	6.8	0.0
2026-04-20 09:03:10-04:00	2.42	2.42	2.42	2.42	0	6.8	0.0
2026-04-20 09:03:15-04:00	2.42	2.42	2.42	2.42	0	6.8	0.0
2026-04-20 09:03:20-04:00	2.42	2.42	2.42	2.42	0	6.8	0.0
2026-04-20 09:03:25-04:00	2.42	2.42	2.42	2.42	0	6.8	0.0
2026-04-20 09:03:30-04:00	2.42	2.42	2.42	2.42	0	6.8	0.0
2026-04-20 09:03:35-04:00	2.42	2.42	2.42	2.42	0	6.8	0.0
2026-04-20 09:03:40-04:00	2.42	2.42	2.42	2.42	0	6.8	0.0
2026-04-20 09:03:45-04:00	2.42	2.42	2.42	2.42	0	6.8	0.0
2026-04-20 09:03:50-04:00	2.42	2.42	2.42	2.42	0	6.8	0.0
2026-04-20 09:03:55-04:00	2.42	2.42	2.42	2.42	0	6.8	0.0
2026-04-20 09:04:00-04:00	2.42	2.42	2.42	2.42	0	6.8	0.0
2026-04-20 09:04:05-04:00	2.42	2.42	2.42	2.42	0	6.8	0.0
2026-04-20 09:04:10-04:00	2.42	2.42	2.42	2.42	0	6.8	0.0
2026-04-20 09:04:15-04:00	2.42	2.42	2.42	2.42	0	6.8	0.0
2026-04-20 09:04:20-04:00	2.42	2.42	2.42	2.42	0	6.8	0.0
2026-04-20 09:04:25-04:00	2.42	2.42	2.42	2.42	0	6.8	0.0
2026-04-20 09:04:30-04:00	2.42	2.42	2.42	2.42	0	6.8	0.0
2026-04-20 09:04:35-04:00	2.42	2.42	2.42	2.42	0	6.8	0.0
2026-04-20 09:04:40-04:00	2.42	2.42	2.42	2.42	0	6.8	0.0
2026-04-20 09:04:45-04:00	2.42	2.42	2.42	2.42	0	6.8	0.0
2026-04-20 09:04:50-04:00	2.42	2.42	2.42	2.42	0	6.8	0.0
2026-04-20 09:04:55-04:00	2.42	2.42	2.42	2.42	0	6.8	0.0
2026-04-20 09:05:00-04:00	2.42	2.42	2.42	2.42	0	6.8	0.0
2026-04-20 09:05:05-04:00	2.42	2.42	2.42	2.42	0	6.8	0.0
2026-04-20 09:05:10-04:00	2.42	2.42	2.42	2.42	0	6.8	0.0
2026-04-20 09:05:15-04:00	2.42	2.42	2.42	2.42	0	6.8	0.0
2026-04-20 09:05:20-04:00	2.42	2.42	2.42	2.42	0	6.8	0.0
2026-04-20 09:05:25-04:00	2.42	2.42	2.42	2.42	0	6.8	0.0
2026-04-20 09:05:30-04:00	2.42	2.42	2.42	2.42	0	6.8	0.0
2026-04-20 09:05:35-04:00	2.42	2.42	2.42	2.42	0	6.8	0.0
2026-04-20 09:05:40-04:00	2.42	2.42	2.42	2.42	0	6.8	0.0
2026-04-20 09:05:45-04:00	2.42	2.42	2.42	2.42	0	6.8	0.0
2026-04-20 09:05:50-04:00	2.42	2.42	2.42	2.42	0	6.8	0.0
2026-04-20 09:05:55-04:00	2.42	2.42	2.42	2.42	0	6.8	0.0
2026-04-20 09:06:00-04:00	2.42	2.42	2.42	2.42	0	6.8	0.0
2026-04-20 09:06:05-04:00	2.42	2.42	2.42	2.42	0	6.8	0.0
2026-04-20 09:06:10-04:00	2.42	2.42	2.42	2.42	0	6.8	0.0
2026-04-20 09:06:15-04:00	2.42	2.42	2.42	2.42	0	6.8	0.0
2026-04-20 09:06:20-04:00	2.42	2.42	2.42	2.42	0	6.8	0.0
2026-04-20 09:06:25-04:00	2.42	2.42	2.42	2.42	0	6.8	0.0
2026-04-20 09:06:30-04:00	2.42	2.42	2.42	2.42	0	6.8	0.0
2026-04-20 09:06:35-04:00	2.42	2.42	2.42	2.42	0	6.8	0.0
2026-04-20 09:06:40-04:00	2.42	2.42	2.42	2.42	0	6.8	0.0
2026-04-20 09:06:45-04:00	2.42	2.42	2.42	2.42	0	6.8	0.0
2026-04-20 09:06:50-04:00	2.42	2.42	2.42	2.42	0	6.8	0.0
2026-04-20 09:06:55-04:00	2.42	2.42	2.42	2.42	0	6.8	0.0
2026-04-20 09:07:00-04:00	2.42	2.42	2.42	2.42	0	6.8	0.0
2026-04-20 09:07:05-04:00	2.42	2.42	2.42	2.42	0	6.8	0.0
2026-04-20 09:07:10-04:00	2.42	2.42	2.42	2.42	0	6.8	0.0
2026-04-20 09:07:15-04:00	2.42	2.42	2.42	2.42	0	6.8	0.0
2026-04-20 09:07:20-04:00	2.42	2.42	2.42	2.42	0	6.8	0.0
2026-04-20 09:07:25-04:00	2.42	2.42	2.42	2.42	0	6.8	0.0
2026-04-20 09:07:30-04:00	2.42	2.42	2.42	2.42	0	6.8	0.0
2026-04-20 09:07:35-04:00	2.42	2.42	2.42	2.42	0	6.8	0.0
2026-04-20 09:07:40-04:00	2.42	2.42	2.42	2.42	0	6.8	0.0
2026-04-20 09:07:45-04:00	2.42	2.42	2.42	2.42	0	6.8	0.0
2026-04-20 09:07:50-04:00	2.42	2.42	2.42	2.42	0	6.8	0.0
2026-04-20 09:07:55-04:00	2.42	2.42	2.42	2.42	0	6.8	0.0
2026-04-20 09:08:00-04:00	2.42	2.42	2.42	2.42	0	6.8	0.0
2026-04-20 09:08:05-04:00	2.42	2.42	2.42	2.42	0	6.8	0.0
2026-04-20 09:08:10-04:00	2.42	2.42	2.42	2.42	0	6.8	0.0
2026-04-20 09:08:15-04:00	2.42	2.42	2.42	2.42	0	6.8	0.0
2026-04-20 09:08:20-04:00	2.42	2.42	2.42	2.42	0	6.8	0.0
2026-04-20 09:08:25-04:00	2.42	2.42	2.42	2.42	0	6.8	0.0
2026-04-20 09:08:30-04:00	2.42	2.42	2.42	2.42	0	6.8	0.0
2026-04-20 09:08:35-04:00	2.42	2.42	2.42	2.42	0	6.8	0.0
2026-04-20 09:08:40-04:00	2.42	2.42	2.42	2.42	0	6.8	0.0
2026-04-20 09:08:45-04:00	2.42	2.42	2.42	2.42	0	6.8	0.0
2026-04-20 09:08:50-04:00	2.42	2.42	2.42	2.42	0	6.8	0.0
2026-04-20 09:08:55-04:00	2.42	2.42	2.42	2.42	0	6.8	0.0
2026-04-20 09:09:00-04:00	2.42	2.42	2.42	2.42	0	6.8	0.0
2026-04-20 09:09:05-04:00	2.42	2.42	2.42	2.42	0	6.8	0.0
2026-04-20 09:09:10-04:00	2.42	2.42	2.42	2.42	0	6.8	0.0
2026-04-20 09:09:15-04:00	2.42	2.42	2.42	2.42	0	6.8	0.0
2026-04-20 09:09:20-04:00	2.42	2.42	2.42	2.42	0	6.8	0.0
2026-04-20 09:09:25-04:00	2.42	2.42	2.42	2.42	0	6.8	0.0
2026-04-20 09:09:30-04:00	2.42	2.42	2.42	2.42	0	6.8	0.0
2026-04-20 09:09:35-04:00	2.42	2.42	2.42	2.42	0	6.8	0.0
2026-04-20 09:09:40-04:00	2.42	2.42	2.42	2.42	0	6.8	0.0
2026-04-20 09:09:45-04:00	2.42	2.42	2.42	2.42	0	6.8	0.0
2026-04-20 09:09:50-04:00	2.42	2.42	2.42	2.42	0	6.8	0.0
2026-04-20 09:09:55-04:00	2.42	2.42	2.42	2.42	0	6.8	0.0
2026-04-20 09:10:00-04:00	2.42	2.42	2.42	2.42	0	6.8	0.0
2026-04-20 09:10:05-04:00	2.42	2.42	2.42	2.42	0	6.8	0.0
2026-04-20 09:10:10-04:00	2.42	2.42	2.42	2.42	0	6.8	0.0
2026-04-20 09:10:15-04:00	2.42	2.42	2.42	2.42	0	6.8	0.0
2026-04-20 09:10:20-04:00	2.42	2.42	2.42	2.42	0	6.8	0.0
2026-04-20 09:10:25-04:00	2.42	2.42	2.42	2.42	0	6.8	0.0
2026-04-20 09:10:30-04:00	2.42	2.42	2.42	2.42	0	6.8	0.0
2026-04-20 09:10:35-04:00	2.42	2.42	2.42	2.42	0	6.8	0.0
2026-04-20 09:10:40-04:00	2.42	2.42	2.42	2.42	0	6.8	0.0
2026-04-20 09:10:45-04:00	2.42	2.42	2.42	2.42	0	6.8	0.0
2026-04-20 09:10:50-04:00	2.42	2.42	2.42	2.42	0	6.8	0.0
2026-04-20 09:10:55-04:00	2.42	2.42	2.42	2.42	0	6.8	0.0
2026-04-20 09:11:00-04:00	2.42	2.42	2.42	2.42	0	6.8	0.0
2026-04-20 09:11:05-04:00	2.42	2.42	2.42	2.42	0	6.8	0.0
2026-04-20 09:11:10-04:00	2.42	2.42	2.42	2.42	0	6.8	0.0
2026-04-20 09:11:15-04:00	2.42	2.42	2.42	2.42	0	6.8	0.0
2026-04-20 09:11:20-04:00	2.42	2.42	2.42	2.42	0	6.8	0.0
2026-04-20 09:11:25-04:00	2.42	2.42	2.42	2.42	0	6.8	0.0
2026-04-20 09:11:30-04:00	2.42	2.42	2.42	2.42	0	6.8	0.0
2026-04-20 09:11:35-04:00	2.42	2.42	2.42	2.42	0	6.8	0.0
2026-04-20 09:11:40-04:00	2.42	2.42	2.42	2.42	0	6.8	0.0
2026-04-20 09:11:45-04:00	2.42	2.42	2.42	2.42	0	6.8	0.0
2026-04-20 09:11:50-04:00	2.42	2.42	2.42	2.42	0	6.8	0.0
2026-04-20 09:11:55-04:00	2.42	2.42	2.42	2.42	0	6.8	0.0
2026-04-20 09:12:00-04:00	2.42	2.42	2.42	2.42	0	6.8	0.0
2026-04-20 09:12:05-04:00	2.42	2.42	2.42	2.42	0	6.8	0.0
2026-04-20 09:12:10-04:00	2.42	2.42	2.42	2.42	0	6.8	0.0
2026-04-20 09:12:15-04:00	2.42	2.42	2.42	2.42	0	6.8	0.0
2026-04-20 09:12:20-04:00	2.42	2.42	2.42	2.42	0	6.8	0.0
2026-04-20 09:12:25-04:00	2.42	2.42	2.42	2.42	0	6.8	0.0
2026-04-20 09:12:30-04:00	2.42	2.42	2.42	2.42	0	6.8	0.0
2026-04-20 09:12:35-04:00	2.42	2.42	2.42	2.42	0	6.8	0.0
2026-04-20 09:12:40-04:00	2.42	2.42	2.42	2.42	0	6.8	0.0
2026-04-20 09:12:45-04:00	2.42	2.42	2.42	2.42	0	6.8	0.0
2026-04-20 09:12:50-04:00	2.42	2.42	2.42	2.42	0	6.8	0.0
2026-04-20 09:12:55-04:00	2.42	2.42	2.42	2.42	0	6.8	0.0
2026-04-20 09:13:00-04:00	2.42	2.42	2.42	2.42	0	6.8	0.0
2026-04-20 09:13:05-04:00	2.42	2.42	2.42	2.42	0	6.8	0.0
2026-04-20 09:13:10-04:00	2.42	2.42	2.42	2.42	0	6.8	0.0
2026-04-20 09:13:15-04:00	2.42	2.42	2.42	2.42	0	6.8	0.0
2026-04-20 09:13:20-04:00	2.42	2.42	2.42	2.42	0	6.8	0.0
2026-04-20 09:13:25-04:00	2.42	2.42	2.42	2.42	0	6.8	0.0
2026-04-20 09:13:30-04:00	2.42	2.42	2.42	2.42	0	6.8	0.0
2026-04-20 09:13:35-04:00	2.42	2.42	2.42	2.42	0	6.8	0.0
2026-04-20 09:13:40-04:00	2.42	2.42	2.42	2.42	0	6.8	0.0
2026-04-20 09:13:45-04:00	2.42	2.42	2.42	2.42	0	6.8	0.0
2026-04-20 09:13:50-04:00	2.42	2.42	2.42	2.42	0	6.8	0.0
2026-04-20 09:13:55-04:00	2.42	2.42	2.42	2.42	0	6.8	0.0
2026-04-20 09:14:00-04:00	2.42	2.42	2.42	2.42	0	6.8	0.0
2026-04-20 09:14:05-04:00	2.42	2.42	2.42	2.42	0	6.8	0.0
2026-04-20 09:14:10-04:00	2.42	2.42	2.42	2.42	0	6.8	0.0
2026-04-20 09:14:15-04:00	2.42	2.42	2.42	2.42	0	6.8	0.0
2026-04-20 09:14:20-04:00	2.42	2.42	2.42	2.42	0	6.8	0.0
2026-04-20 09:14:25-04:00	2.42	2.42	2.42	2.42	0	6.8	0.0
2026-04-20 09:14:30-04:00	2.42	2.42	2.42	2.42	0	6.8	0.0
2026-04-20 09:14:35-04:00	2.42	2.42	2.42	2.42	0	6.8	0.0
2026-04-20 09:14:40-04:00	2.42	2.42	2.42	2.42	0	6.8	0.0
2026-04-20 09:14:45-04:00	2.42	2.42	2.42	2.42	0	6.8	0.0
2026-04-20 09:14:50-04:00	2.42	2.42	2.42	2.42	0	6.8	0.0
2026-04-20 09:14:55-04:00	2.42	2.42	2.42	2.42	0	6.8	0.0
2026-04-20 09:15:00-04:00	2.42	2.42	2.42	2.42	0	6.8	0.0
2026-04-20 09:15:05-04:00	2.42	2.42	2.42	2.42	0	6.8	0.0
2026-04-20 09:15:10-04:00	2.42	2.42	2.42	2.42	0	6.8	0.0
2026-04-20 09:15:15-04:00	2.42	2.42	2.42	2.42	0	6.8	0.0
2026-04-20 09:15:20-04:00	2.42	2.42	2.42	2.42	0	6.8	0.0
2026-04-20 09:15:25-04:00	2.42	2.42	2.42	2.42	0	6.8	0.0
2026-04-20 09:15:30-04:00	2.42	2.42	2.42	2.42	0	6.8	0.0
2026-04-20 09:15:35-04:00	2.42	2.42	2.42	2.42	0	6.8	0.0
2026-04-20 09:15:40-04:00	2.42	2.42	2.42	2.42	0	6.8	0.0
2026-04-20 09:15:45-04:00	2.42	2.42	2.42	2.42	0	6.8	0.0
2026-04-20 09:15:50-04:00	2.42	2.42	2.42	2.42	0	6.8	0.0
2026-04-20 09:15:55-04:00	2.42	2.42	2.42	2.42	0	6.8	0.0
2026-04-20 09:16:00-04:00	2.42	2.42	2.42	2.42	0	6.8	0.0
2026-04-20 09:16:05-04:00	2.42	2.42	2.42	2.42	0	6.8	0.0
2026-04-20 09:16:10-04:00	2.42	2.42	2.42	2.42	0	6.8	0.0
2026-04-20 09:16:15-04:00	2.42	2.42	2.42	2.42	0	6.8	0.0
2026-04-20 09:16:20-04:00	2.42	2.42	2.42	2.42	0	6.8	0.0
2026-04-20 09:16:25-04:00	2.42	2.42	2.42	2.42	0	6.8	0.0
2026-04-20 09:16:30-04:00	2.42	2.42	2.42	2.42	0	6.8	0.0
2026-04-20 09:16:35-04:00	2.42	2.42	2.42	2.42	0	6.8	0.0
2026-04-20 09:16:40-04:00	2.42	2.42	2.42	2.42	0	6.8	0.0
2026-04-20 09:16:45-04:00	2.42	2.42	2.42	2.42	0	6.8	0.0
2026-04-20 09:16:50-04:00	2.42	2.42	2.42	2.42	0	6.8	0.0
2026-04-20 09:16:55-04:00	2.42	2.42	2.42	2.42	0	6.8	0.0
2026-04-20 09:17:00-04:00	2.42	2.42	2.42	2.42	0	6.8	0.0
2026-04-20 09:17:05-04:00	2.42	2.42	2.42	2.42	0	6.8	0.0
2026-04-20 09:17:10-04:00	2.42	2.42	2.42	2.42	0	6.8	0.0
2026-04-20 09:17:15-04:00	2.42	2.42	2.42	2.42	0	6.8	0.0
2026-04-20 09:17:20-04:00	2.42	2.42	2.42	2.42	0	6.8	0.0
2026-04-20 09:17:25-04:00	2.42	2.42	2.42	2.42	0	6.8	0.0
2026-04-20 09:17:30-04:00	2.42	2.42	2.42	2.42	0	6.8	0.0
2026-04-20 09:17:35-04:00	2.42	2.42	2.42	2.42	0	6.8	0.0
2026-04-20 09:17:40-04:00	2.42	2.42	2.42	2.42	0	6.8	0.0
2026-04-20 09:17:45-04:00	2.42	2.42	2.42	2.42	0	6.8	0.0
2026-04-20 09:17:50-04:00	2.42	2.42	2.42	2.42	0	6.8	0.0
2026-04-20 09:17:55-04:00	2.42	2.42	2.42	2.42	0	6.8	0.0
2026-04-20 09:18:00-04:00	2.42	2.42	2.42	2.42	0	6.8	0.0
2026-04-20 09:18:05-04:00	2.42	2.42	2.42	2.42	0	6.8	0.0
2026-04-20 09:18:10-04:00	2.42	2.42	2.42	2.42	0	6.8	0.0
2026-04-20 09:18:15-04:00	2.42	2.42	2.42	2.42	0	6.8	0.0
2026-04-20 09:18:20-04:00	2.42	2.42	2.42	2.42	0	6.8	0.0
2026-04-20 09:18:25-04:00	2.42	2.42	2.42	2.42	0	6.8	0.0
2026-04-20 09:18:30-04:00	2.42	2.42	2.42	2.42	0	6.8	0.0
2026-04-20 09:18:35-04:00	2.42	2.42	2.42	2.42	0	6.8	0.0
2026-04-20 09:18:40-04:00	2.42	2.42	2.42	2.42	0	6.8	0.0
2026-04-20 09:18:45-04:00	2.42	2.42	2.42	2.42	0	6.8	0.0
2026-04-20 09:18:50-04:00	2.42	2.42	2.42	2.42	0	6.8	0.0
2026-04-20 09:18:55-04:00	2.42	2.42	2.42	2.42	0	6.8	0.0
2026-04-20 09:19:00-04:00	2.42	2.42	2.42	2.42	0	6.8	0.0
2026-04-20 09:19:05-04:00	2.42	2.42	2.42	2.42	0	6.8	0.0
2026-04-20 09:19:10-04:00	2.42	2.42	2.42	2.42	0	6.8	0.0
2026-04-20 09:19:15-04:00	2.42	2.42	2.42	2.42	0	6.8	0.0
2026-04-20 09:19:20-04:00	2.42	2.42	2.42	2.42	0	6.8	0.0
2026-04-20 09:19:25-04:00	2.42	2.42	2.42	2.42	0	6.8	0.0
2026-04-20 09:19:30-04:00	2.42	2.42	2.42	2.42	0	6.8	0.0
2026-04-20 09:19:35-04:00	2.42	2.42	2.42	2.42	0	6.8	0.0
2026-04-20 09:19:40-04:00	2.42	2.42	2.42	2.42	0	6.8	0.0
2026-04-20 09:19:45-04:00	2.42	2.42	2.42	2.42	0	6.8	0.0
2026-04-20 09:19:50-04:00	2.42	2.42	2.42	2.42	0	6.8	0.0
2026-04-20 09:19:55-04:00	2.42	2.42	2.42	2.42	0	6.8	0.0
2026-04-20 09:20:00-04:00	2.42	2.42	2.42	2.42	0	6.8	0.0
2026-04-20 09:20:05-04:00	2.42	2.42	2.42	2.42	0	6.8	0.0
2026-04-20 09:20:10-04:00	2.42	2.42	2.42	2.42	0	6.8	0.0
2026-04-20 09:20:15-04:00	2.42	2.42	2.42	2.42	0	6.8	0.0
2026-04-20 09:20:20-04:00	2.42	2.42	2.42	2.42	0	6.8	0.0
2026-04-20 09:20:25-04:00	2.42	2.42	2.42	2.42	0	6.8	0.0
2026-04-20 09:20:30-04:00	2.42	2.42	2.42	2.42	0	6.8	0.0
2026-04-20 09:20:35-04:00	2.42	2.42	2.42	2.42	0	6.8	0.0
2026-04-20 09:20:40-04:00	2.42	2.42	2.42	2.42	0	6.8	0.0
2026-04-20 09:20:45-04:00	2.42	2.42	2.42	2.42	0	6.8	0.0
2026-04-20 09:20:50-04:00	2.42	2.42	2.42	2.42	0	6.8	0.0
2026-04-20 09:20:55-04:00	2.42	2.42	2.42	2.42	0	6.8	0.0
2026-04-20 09:21:00-04:00	2.42	2.42	2.42	2.42	0	6.8	0.0
2026-04-20 09:21:05-04:00	2.42	2.42	2.42	2.42	0	6.8	0.0
2026-04-20 09:21:10-04:00	2.42	2.42	2.42	2.42	0	6.8	0.0
2026-04-20 09:21:15-04:00	2.42	2.42	2.42	2.42	0	6.8	0.0
2026-04-20 09:21:20-04:00	2.42	2.42	2.42	2.42	0	6.8	0.0
2026-04-20 09:21:25-04:00	2.42	2.42	2.42	2.42	0	6.8	0.0
2026-04-20 09:21:30-04:00	2.42	2.42	2.42	2.42	0	6.8	0.0
2026-04-20 09:21:35-04:00	2.42	2.42	2.42	2.42	0	6.8	0.0
2026-04-20 09:21:40-04:00	2.42	2.42	2.42	2.42	0	6.8	0.0
2026-04-20 09:21:45-04:00	2.42	2.42	2.42	2.42	0	6.8	0.0
2026-04-20 09:21:50-04:00	2.42	2.42	2.42	2.42	0	6.8	0.0
2026-04-20 09:21:55-04:00	2.42	2.42	2.42	2.42	0	6.8	0.0
2026-04-20 09:22:00-04:00	2.42	2.42	2.42	2.42	0	6.8	0.0
2026-04-20 09:22:05-04:00	2.42	2.42	2.42	2.42	0	6.8	0.0
2026-04-20 09:22:10-04:00	2.42	2.42	2.42	2.42	0	6.8	0.0
2026-04-20 09:22:15-04:00	2.42	2.42	2.42	2.42	0	6.8	0.0
2026-04-20 09:22:20-04:00	2.42	2.42	2.42	2.42	0	6.8	0.0
2026-04-20 09:22:25-04:00	2.42	2.42	2.42	2.42	0	6.8	0.0
2026-04-20 09:22:30-04:00	2.42	2.42	2.42	2.42	0	6.8	0.0
2026-04-20 09:22:35-04:00	2.42	2.42	2.42	2.42	0	6.8	0.0
2026-04-20 09:22:40-04:00	2.42	2.42	2.42	2.42	0	6.8	0.0
2026-04-20 09:22:45-04:00	2.42	2.42	2.42	2.42	0	6.8	0.0
2026-04-20 09:22:50-04:00	2.42	2.42	2.42	2.42	0	6.8	0.0
2026-04-20 09:22:55-04:00	2.42	2.42	2.42	2.42	0	6.8	0.0
2026-04-20 09:23:00-04:00	2.425	2.43	2.425	2.43	10	6.8	1.4705882352941178
2026-04-20 09:23:05-04:00	2.43	2.43	2.43	2.43	0	6.8	0.0
2026-04-20 09:23:10-04:00	2.43	2.43	2.43	2.43	0	6.8	0.0
2026-04-20 09:23:15-04:00	2.43	2.43	2.43	2.43	0	6.8	0.0
2026-04-20 09:23:20-04:00	2.43	2.43	2.43	2.43	0	6.8	0.0
2026-04-20 09:23:25-04:00	2.43	2.43	2.43	2.43	0	6.8	0.0
2026-04-20 09:23:30-04:00	2.43	2.43	2.43	2.43	0	6.8	0.0
2026-04-20 09:23:35-04:00	2.43	2.43	2.43	2.43	0	6.8	0.0
2026-04-20 09:23:40-04:00	2.43	2.43	2.43	2.43	0	6.8	0.0
2026-04-20 09:23:45-04:00	2.43	2.43	2.43	2.43	0	6.8	0.0
2026-04-20 09:23:50-04:00	2.43	2.43	2.43	2.43	0	6.8	0.0
2026-04-20 09:23:55-04:00	2.43	2.43	2.43	2.43	0	6.8	0.0
2026-04-20 09:24:00-04:00	2.43	2.43	2.43	2.43	0	6.8	0.0
2026-04-20 09:24:05-04:00	2.43	2.43	2.43	2.43	0	6.8	0.0
2026-04-20 09:24:10-04:00	2.43	2.43	2.43	2.43	0	6.8	0.0
2026-04-20 09:24:15-04:00	2.43	2.43	2.43	2.43	0	6.8	0.0
2026-04-20 09:24:20-04:00	2.43	2.43	2.43	2.43	0	6.8	0.0
2026-04-20 09:24:25-04:00	2.43	2.43	2.43	2.43	0	6.8	0.0
2026-04-20 09:24:30-04:00	2.43	2.43	2.43	2.43	0	6.8	0.0
2026-04-20 09:24:35-04:00	2.43	2.43	2.43	2.43	0	6.8	0.0
2026-04-20 09:24:40-04:00	2.43	2.43	2.43	2.43	0	6.8	0.0
2026-04-20 09:24:45-04:00	2.43	2.43	2.43	2.43	0	6.8	0.0
2026-04-20 09:24:50-04:00	2.43	2.43	2.43	2.43	0	6.8	0.0
2026-04-20 09:24:55-04:00	2.43	2.43	2.43	2.43	0	6.8	0.0
2026-04-20 09:25:00-04:00	2.43	2.43	2.43	2.43	0	6.8	0.0
2026-04-20 09:25:05-04:00	2.43	2.43	2.43	2.43	0	6.8	0.0
2026-04-20 09:25:10-04:00	2.43	2.43	2.43	2.43	0	6.8	0.0
2026-04-20 09:25:15-04:00	2.43	2.43	2.43	2.43	0	6.8	0.0
2026-04-20 09:25:20-04:00	2.43	2.43	2.43	2.43	0	6.8	0.0
2026-04-20 09:25:25-04:00	2.43	2.43	2.43	2.43	0	6.8	0.0
2026-04-20 09:25:30-04:00	2.43	2.43	2.43	2.43	0	6.8	0.0
2026-04-20 09:25:35-04:00	2.43	2.43	2.43	2.43	0	6.8	0.0
2026-04-20 09:25:40-04:00	2.43	2.43	2.43	2.43	0	6.8	0.0
2026-04-20 09:25:45-04:00	2.43	2.43	2.43	2.43	0	6.8	0.0
2026-04-20 09:25:50-04:00	2.43	2.43	2.43	2.43	0	6.8	0.0
2026-04-20 09:25:55-04:00	2.43	2.43	2.43	2.43	0	6.8	0.0
2026-04-20 09:26:00-04:00	2.43	2.43	2.43	2.43	0	6.8	0.0
2026-04-20 09:26:05-04:00	2.43	2.43	2.43	2.43	0	6.8	0.0
2026-04-20 09:26:10-04:00	2.43	2.43	2.43	2.43	0	6.8	0.0
2026-04-20 09:26:15-04:00	2.43	2.43	2.43	2.43	0	6.8	0.0
2026-04-20 09:26:20-04:00	2.43	2.43	2.43	2.43	0	6.8	0.0
2026-04-20 09:26:25-04:00	2.43	2.43	2.43	2.43	0	6.8	0.0
2026-04-20 09:26:30-04:00	2.43	2.43	2.43	2.43	0	6.8	0.0
2026-04-20 09:26:35-04:00	2.43	2.43	2.43	2.43	0	6.8	0.0
2026-04-20 09:26:40-04:00	2.43	2.43	2.43	2.43	0	6.8	0.0
2026-04-20 09:26:45-04:00	2.43	2.43	2.43	2.43	0	6.8	0.0
2026-04-20 09:26:50-04:00	2.43	2.43	2.43	2.43	0	6.8	0.0
2026-04-20 09:26:55-04:00	2.43	2.43	2.43	2.43	0	6.8	0.0
2026-04-20 09:27:00-04:00	2.43	2.43	2.43	2.43	0	6.8	0.0
2026-04-20 09:27:05-04:00	2.43	2.43	2.43	2.43	0	6.8	0.0
2026-04-20 09:27:10-04:00	2.43	2.43	2.43	2.43	0	6.8	0.0
2026-04-20 09:27:15-04:00	2.43	2.43	2.43	2.43	0	6.8	0.0
2026-04-20 09:27:20-04:00	2.43	2.43	2.43	2.43	0	6.8	0.0
2026-04-20 09:27:25-04:00	2.43	2.43	2.43	2.43	0	6.8	0.0
2026-04-20 09:27:30-04:00	2.43	2.43	2.43	2.43	0	6.8	0.0
2026-04-20 09:27:35-04:00	2.43	2.43	2.43	2.43	0	6.8	0.0
2026-04-20 09:27:40-04:00	2.43	2.43	2.43	2.43	0	6.8	0.0
2026-04-20 09:27:45-04:00	2.43	2.43	2.43	2.43	0	6.8	0.0
2026-04-20 09:27:50-04:00	2.43	2.43	2.43	2.43	0	6.8	0.0
2026-04-20 09:27:55-04:00	2.43	2.43	2.43	2.43	0	6.8	0.0
2026-04-20 09:28:00-04:00	2.43	2.43	2.43	2.43	0	6.8	0.0
2026-04-20 09:28:05-04:00	2.43	2.43	2.43	2.43	0	6.8	0.0
2026-04-20 09:28:10-04:00	2.43	2.43	2.43	2.43	0	6.8	0.0
2026-04-20 09:28:15-04:00	2.43	2.43	2.43	2.43	0	6.8	0.0
2026-04-20 09:28:20-04:00	2.43	2.43	2.43	2.43	0	6.8	0.0
2026-04-20 09:28:25-04:00	2.43	2.43	2.43	2.43	0	6.8	0.0
2026-04-20 09:28:30-04:00	2.43	2.43	2.43	2.43	0	6.8	0.0
2026-04-20 09:28:35-04:00	2.43	2.43	2.43	2.43	0	6.8	0.0
2026-04-20 09:28:40-04:00	2.43	2.43	2.43	2.43	0	6.8	0.0
2026-04-20 09:28:45-04:00	2.43	2.43	2.43	2.43	0	6.8	0.0
2026-04-20 09:28:50-04:00	2.43	2.43	2.43	2.43	0	6.8	0.0
2026-04-20 09:28:55-04:00	2.43	2.43	2.43	2.43	0	6.8	0.0
2026-04-20 09:29:00-04:00	2.43	2.43	2.43	2.43	0	6.8	0.0
2026-04-20 09:29:05-04:00	2.43	2.43	2.43	2.43	0	6.8	0.0
2026-04-20 09:29:10-04:00	2.43	2.43	2.43	2.43	0	6.8	0.0
2026-04-20 09:29:15-04:00	2.43	2.43	2.43	2.43	0	6.8	0.0
2026-04-20 09:29:20-04:00	2.43	2.43	2.43	2.43	0	6.8	0.0
2026-04-20 09:29:25-04:00	2.43	2.43	2.43	2.43	0	6.8	0.0
2026-04-20 09:29:30-04:00	2.43	2.43	2.43	2.43	0	6.8	0.0
2026-04-20 09:29:35-04:00	2.43	2.43	2.43	2.43	0	6.8	0.0
2026-04-20 09:29:40-04:00	2.43	2.43	2.43	2.43	0	6.8	0.0
2026-04-20 09:29:45-04:00	2.43	2.43	2.43	2.43	0	6.8	0.0
2026-04-20 09:29:50-04:00	2.43	2.43	2.43	2.43	0	6.8	0.0
2026-04-20 09:29:55-04:00	2.43	2.43	2.43	2.43	0	6.8	0.0
2026-04-20 09:30:00-04:00	2.42	2.42	2.42	2.42	21	6.8	3.088235294117647
2026-04-20 09:30:05-04:00	2.42	2.42	2.42	2.42	0	6.8	0.0
2026-04-20 09:30:10-04:00	2.42	2.42	2.42	2.42	0	6.8	0.0
2026-04-20 09:30:15-04:00	2.42	2.42	2.42	2.42	0	6.8	0.0
2026-04-20 09:30:20-04:00	2.42	2.42	2.42	2.42	0	6.8	0.0
2026-04-20 09:30:25-04:00	2.42	2.42	2.42	2.42	0	6.8	0.0
2026-04-20 09:30:30-04:00	2.4199	2.4199	2.4199	2.4199	22	6.8	3.235294117647059
2026-04-20 09:30:35-04:00	2.4199	2.4199	2.4199	2.4199	0	6.8	0.0
2026-04-20 09:30:40-04:00	2.4199	2.4199	2.4199	2.4199	0	6.8	0.0
2026-04-20 09:30:45-04:00	2.415	2.415	2.415	2.415	30	6.8	4.411764705882353
2026-04-20 09:30:50-04:00	2.415	2.415	2.415	2.415	0	6.8	0.0
2026-04-20 09:30:55-04:00	2.415	2.415	2.415	2.415	0	6.8	0.0
2026-04-20 09:31:00-04:00	2.42	2.425	2.415	2.415	24	6.8	3.5294117647058822
2026-04-20 09:31:05-04:00	2.415	2.415	2.415	2.415	0	6.8	0.0
2026-04-20 09:31:10-04:00	2.415	2.415	2.415	2.415	1	6.8	0.14705882352941177
2026-04-20 09:31:15-04:00	2.4193	2.4193	2.4193	2.4193	5	6.8	0.7352941176470589
2026-04-20 09:31:20-04:00	2.4193	2.4193	2.4193	2.4193	0	6.8	0.0
2026-04-20 09:31:25-04:00	2.4193	2.4193	2.4193	2.4193	0	6.8	0.0
2026-04-20 09:31:30-04:00	2.4193	2.4193	2.4193	2.4193	0	6.8	0.0
2026-04-20 09:31:35-04:00	2.4193	2.4193	2.4193	2.4193	0	6.8	0.0
2026-04-20 09:31:40-04:00	2.4193	2.4193	2.4193	2.4193	0	6.8	0.0
2026-04-20 09:31:45-04:00	2.4199	2.4199	2.4199	2.4199	5	6.8	0.7352941176470589
2026-04-20 09:31:50-04:00	2.4199	2.4199	2.4199	2.4199	0	6.8	0.0
2026-04-20 09:31:55-04:00	2.4199	2.4199	2.4199	2.4199	0	6.8	0.0
2026-04-20 09:32:00-04:00	2.4199	2.4199	2.4199	2.4199	0	6.8	0.0
2026-04-20 09:32:05-04:00	2.4199	2.4199	2.4199	2.4199	0	6.8	0.0
2026-04-20 09:32:10-04:00	2.4199	2.4199	2.4199	2.4199	0	6.8	0.0
2026-04-20 09:32:15-04:00	2.425	2.425	2.425	2.425	15	6.8	2.2058823529411766
2026-04-20 09:32:20-04:00	2.425	2.425	2.425	2.425	0	6.8	0.0
2026-04-20 09:32:25-04:00	2.425	2.425	2.425	2.425	0	6.8	0.0
2026-04-20 09:32:30-04:00	2.425	2.425	2.425	2.425	0	6.8	0.0
2026-04-20 09:32:35-04:00	2.4299	2.4299	2.4299	2.4299	20	6.8	2.9411764705882355
2026-04-20 09:32:40-04:00	2.4299	2.4299	2.4299	2.4299	0	6.8	0.0
2026-04-20 09:32:45-04:00	2.4299	2.4299	2.4299	2.4299	0	6.8	0.0
2026-04-20 09:32:50-04:00	2.4299	2.4299	2.4299	2.4299	0	6.8	0.0
2026-04-20 09:32:55-04:00	2.4299	2.4299	2.4299	2.4299	0	6.8	0.0
2026-04-20 09:33:00-04:00	2.4299	2.4299	2.4299	2.4299	0	6.8	0.0
2026-04-20 09:33:05-04:00	2.4274	2.4274	2.4274	2.4274	5	6.8	0.7352941176470589
2026-04-20 09:33:10-04:00	2.4274	2.4274	2.4274	2.4274	0	6.8	0.0
2026-04-20 09:33:15-04:00	2.4274	2.4274	2.4274	2.4274	0	6.8	0.0
2026-04-20 09:33:20-04:00	2.4292	2.4292	2.4292	2.4292	5	6.8	0.7352941176470589
2026-04-20 09:33:25-04:00	2.4292	2.4292	2.4292	2.4292	0	6.8	0.0
2026-04-20 09:33:30-04:00	2.4292	2.4292	2.4292	2.4292	0	6.8	0.0
2026-04-20 09:33:35-04:00	2.4292	2.4292	2.4292	2.4292	0	6.8	0.0
2026-04-20 09:33:40-04:00	2.4292	2.4292	2.4292	2.4292	0	6.8	0.0
2026-04-20 09:33:45-04:00	2.4292	2.4292	2.4292	2.4292	0	6.8	0.0
2026-04-20 09:33:50-04:00	2.4292	2.4292	2.4292	2.4292	0	6.8	0.0
2026-04-20 09:33:55-04:00	2.4292	2.4292	2.4292	2.4292	0	6.8	0.0
2026-04-20 09:34:00-04:00	2.4292	2.4292	2.4292	2.4292	0	6.8	0.0
2026-04-20 09:34:05-04:00	2.4292	2.4292	2.4292	2.4292	0	6.8	0.0
2026-04-20 09:34:10-04:00	2.4292	2.4292	2.4292	2.4292	0	6.8	0.0
2026-04-20 09:34:15-04:00	2.4292	2.4292	2.4292	2.4292	0	6.8	0.0
2026-04-20 09:34:20-04:00	2.4292	2.4292	2.4292	2.4292	0	6.8	0.0
2026-04-20 09:34:25-04:00	2.4292	2.4292	2.4292	2.4292	0	6.8	0.0
2026-04-20 09:34:30-04:00	2.4292	2.4292	2.4292	2.4292	0	6.8	0.0
2026-04-20 09:34:35-04:00	2.4292	2.4292	2.4292	2.4292	0	6.8	0.0
2026-04-20 09:34:40-04:00	2.4292	2.4292	2.4292	2.4292	0	6.8	0.0
2026-04-20 09:34:45-04:00	2.4292	2.4292	2.4292	2.4292	0	6.8	0.0
2026-04-20 09:34:50-04:00	2.4292	2.4292	2.4292	2.4292	0	6.8	0.0
2026-04-20 09:34:55-04:00	2.4292	2.4292	2.4292	2.4292	0	6.8	0.0
2026-04-20 09:35:00-04:00	2.4292	2.4292	2.4292	2.4292	0	6.8	0.0
2026-04-20 09:35:05-04:00	2.4292	2.4292	2.4292	2.4292	0	6.8	0.0
2026-04-20 09:35:10-04:00	2.4292	2.4292	2.4292	2.4292	0	6.8	0.0
2026-04-20 09:35:15-04:00	2.4292	2.4292	2.4292	2.4292	0	6.8	0.0
2026-04-20 09:35:20-04:00	2.4292	2.4292	2.4292	2.4292	0	6.8	0.0
2026-04-20 09:35:25-04:00	2.4292	2.4292	2.4292	2.4292	0	6.8	0.0
2026-04-20 09:35:30-04:00	2.4292	2.4292	2.4292	2.4292	0	6.8	0.0
2026-04-20 09:35:35-04:00	2.4292	2.4292	2.4292	2.4292	0	6.8	0.0
2026-04-20 09:35:40-04:00	2.4292	2.4292	2.4292	2.4292	0	6.8	0.0
2026-04-20 09:35:45-04:00	2.42	2.42	2.42	2.42	5	6.8	0.7352941176470589
2026-04-20 09:35:50-04:00	2.42	2.42	2.42	2.42	0	6.8	0.0
2026-04-20 09:35:55-04:00	2.42	2.42	2.42	2.42	5	6.8	0.7352941176470589
2026-04-20 09:36:00-04:00	2.42	2.42	2.42	2.42	0	6.8	0.0
2026-04-20 09:36:05-04:00	2.42	2.42	2.42	2.42	0	6.8	0.0
2026-04-20 09:36:10-04:00	2.42	2.42	2.42	2.42	0	6.8	0.0
2026-04-20 09:36:15-04:00	2.42	2.42	2.42	2.42	0	6.8	0.0
2026-04-20 09:36:20-04:00	2.42	2.42	2.42	2.42	0	6.8	0.0
2026-04-20 09:36:25-04:00	2.42	2.42	2.42	2.42	0	6.8	0.0
2026-04-20 09:36:30-04:00	2.42	2.42	2.42	2.42	0	6.8	0.0
2026-04-20 09:36:35-04:00	2.42	2.42	2.42	2.42	0	6.8	0.0
2026-04-20 09:36:40-04:00	2.42	2.42	2.42	2.42	0	6.8	0.0
2026-04-20 09:36:45-04:00	2.42	2.42	2.42	2.42	0	6.8	0.0
2026-04-20 09:36:50-04:00	2.42	2.42	2.42	2.42	0	6.8	0.0
2026-04-20 09:36:55-04:00	2.42	2.42	2.42	2.42	0	6.8	0.0
2026-04-20 09:37:00-04:00	2.42	2.42	2.42	2.42	0	6.8	0.0
2026-04-20 09:37:05-04:00	2.42	2.42	2.42	2.42	0	6.8	0.0
2026-04-20 09:37:10-04:00	2.42	2.42	2.42	2.42	0	6.8	0.0
2026-04-20 09:37:15-04:00	2.43	2.43	2.4289	2.4289	33	6.8	4.852941176470589
2026-04-20 09:37:20-04:00	2.4289	2.4289	2.4289	2.4289	0	6.8	0.0
2026-04-20 09:37:25-04:00	2.4289	2.4289	2.4289	2.4289	0	6.8	0.0
2026-04-20 09:37:30-04:00	2.4289	2.4289	2.4289	2.4289	0	6.8	0.0
2026-04-20 09:37:35-04:00	2.4289	2.4289	2.4289	2.4289	0	6.8	0.0
2026-04-20 09:37:40-04:00	2.4289	2.4289	2.4289	2.4289	0	6.8	0.0
2026-04-20 09:37:45-04:00	2.4289	2.4289	2.4289	2.4289	0	6.8	0.0
2026-04-20 09:37:50-04:00	2.4289	2.4289	2.4289	2.4289	0	6.8	0.0
2026-04-20 09:37:55-04:00	2.4289	2.4289	2.4289	2.4289	0	6.8	0.0
2026-04-20 09:38:00-04:00	2.4366	2.4366	2.435	2.435	10	6.8	1.4705882352941178
2026-04-20 09:38:05-04:00	2.435	2.435	2.435	2.435	0	6.8	0.0
2026-04-20 09:38:10-04:00	2.435	2.435	2.435	2.435	0	6.8	0.0
2026-04-20 09:38:15-04:00	2.4393	2.4393	2.4393	2.4393	5	6.8	0.7352941176470589
2026-04-20 09:38:20-04:00	2.4393	2.4393	2.4393	2.4393	0	6.8	0.0
2026-04-20 09:38:25-04:00	2.4393	2.4393	2.4393	2.4393	0	6.8	0.0
2026-04-20 09:38:30-04:00	2.4393	2.4393	2.4393	2.4393	0	6.8	0.0
2026-04-20 09:38:35-04:00	2.4393	2.44	2.4393	2.44	15	6.8	2.2058823529411766
2026-04-20 09:38:40-04:00	2.44	2.44	2.44	2.44	0	6.8	0.0
2026-04-20 09:38:45-04:00	2.44	2.44	2.44	2.44	0	6.8	0.0
2026-04-20 09:38:50-04:00	2.44	2.44	2.44	2.44	0	6.8	0.0
2026-04-20 09:38:55-04:00	2.44	2.44	2.44	2.44	0	6.8	0.0
2026-04-20 09:39:00-04:00	2.44	2.44	2.44	2.44	0	6.8	0.0
2026-04-20 09:39:05-04:00	2.44	2.44	2.44	2.44	0	6.8	0.0
2026-04-20 09:39:10-04:00	2.44	2.44	2.44	2.44	0	6.8	0.0
2026-04-20 09:39:15-04:00	2.44	2.44	2.44	2.44	0	6.8	0.0
2026-04-20 09:39:20-04:00	2.44	2.44	2.44	2.44	0	6.8	0.0
2026-04-20 09:39:25-04:00	2.44	2.44	2.44	2.44	0	6.8	0.0
2026-04-20 09:39:30-04:00	2.44	2.44	2.44	2.44	0	6.8	0.0
2026-04-20 09:39:35-04:00	2.44	2.44	2.44	2.44	0	6.8	0.0
2026-04-20 09:39:40-04:00	2.44	2.44	2.44	2.44	0	6.8	0.0
2026-04-20 09:39:45-04:00	2.44	2.44	2.44	2.44	0	6.8	0.0
2026-04-20 09:39:50-04:00	2.44	2.44	2.44	2.44	0	6.8	0.0
2026-04-20 09:39:55-04:00	2.435	2.435	2.435	2.435	1	6.8	0.14705882352941177
2026-04-20 09:40:00-04:00	2.435	2.435	2.435	2.435	0	6.8	0.0
2026-04-20 09:40:05-04:00	2.435	2.435	2.435	2.435	0	6.8	0.0
2026-04-20 09:40:10-04:00	2.435	2.435	2.435	2.435	0	6.8	0.0
2026-04-20 09:40:15-04:00	2.435	2.435	2.435	2.435	0	6.8	0.0
2026-04-20 09:40:20-04:00	2.435	2.435	2.435	2.435	0	6.8	0.0
2026-04-20 09:40:25-04:00	2.435	2.435	2.435	2.435	0	6.8	0.0
2026-04-20 09:40:30-04:00	2.435	2.435	2.435	2.435	0	6.8	0.0
2026-04-20 09:40:35-04:00	2.435	2.435	2.435	2.435	0	6.8	0.0
2026-04-20 09:40:40-04:00	2.435	2.435	2.435	2.435	0	6.8	0.0
2026-04-20 09:40:45-04:00	2.435	2.435	2.435	2.435	0	6.8	0.0
2026-04-20 09:40:50-04:00	2.435	2.435	2.435	2.435	0	6.8	0.0
2026-04-20 09:40:55-04:00	2.435	2.435	2.435	2.435	0	6.8	0.0
2026-04-20 09:41:00-04:00	2.435	2.435	2.435	2.435	0	6.8	0.0
2026-04-20 09:41:05-04:00	2.435	2.435	2.435	2.435	0	6.8	0.0
2026-04-20 09:41:10-04:00	2.435	2.435	2.435	2.435	0	6.8	0.0
2026-04-20 09:41:15-04:00	2.435	2.435	2.435	2.435	0	6.8	0.0
2026-04-20 09:41:20-04:00	2.435	2.435	2.435	2.435	0	6.8	0.0
2026-04-20 09:41:25-04:00	2.435	2.435	2.435	2.435	0	6.8	0.0
2026-04-20 09:41:30-04:00	2.435	2.435	2.435	2.435	0	6.8	0.0
2026-04-20 09:41:35-04:00	2.435	2.435	2.435	2.435	0	6.8	0.0
2026-04-20 09:41:40-04:00	2.435	2.435	2.435	2.435	0	6.8	0.0
2026-04-20 09:41:45-04:00	2.435	2.435	2.435	2.435	0	6.8	0.0
2026-04-20 09:41:50-04:00	2.435	2.435	2.435	2.435	0	6.8	0.0
2026-04-20 09:41:55-04:00	2.435	2.435	2.435	2.435	0	6.8	0.0
2026-04-20 09:42:00-04:00	2.435	2.435	2.435	2.435	0	6.8	0.0
2026-04-20 09:42:05-04:00	2.435	2.435	2.435	2.435	0	6.8	0.0
2026-04-20 09:42:10-04:00	2.435	2.435	2.435	2.435	0	6.8	0.0
2026-04-20 09:42:15-04:00	2.435	2.435	2.435	2.435	0	6.8	0.0
2026-04-20 09:42:20-04:00	2.435	2.435	2.435	2.435	0	6.8	0.0
2026-04-20 09:42:25-04:00	2.435	2.435	2.435	2.435	0	6.8	0.0
2026-04-20 09:42:30-04:00	2.435	2.435	2.435	2.435	0	6.8	0.0
2026-04-20 09:42:35-04:00	2.435	2.435	2.435	2.435	0	6.8	0.0
2026-04-20 09:42:40-04:00	2.435	2.435	2.435	2.435	0	6.8	0.0
2026-04-20 09:42:45-04:00	2.435	2.435	2.435	2.435	0	6.8	0.0
2026-04-20 09:42:50-04:00	2.435	2.435	2.435	2.435	0	6.8	0.0
2026-04-20 09:42:55-04:00	2.435	2.435	2.435	2.435	0	6.8	0.0
2026-04-20 09:43:00-04:00	2.435	2.435	2.435	2.435	0	6.8	0.0
2026-04-20 09:43:05-04:00	2.435	2.435	2.435	2.435	0	6.8	0.0
2026-04-20 09:43:10-04:00	2.435	2.435	2.435	2.435	0	6.8	0.0
2026-04-20 09:43:15-04:00	2.435	2.435	2.435	2.435	0	6.8	0.0
2026-04-20 09:43:20-04:00	2.435	2.435	2.435	2.435	0	6.8	0.0
2026-04-20 09:43:25-04:00	2.435	2.435	2.435	2.435	0	6.8	0.0
2026-04-20 09:43:30-04:00	2.435	2.435	2.435	2.435	0	6.8	0.0
2026-04-20 09:43:35-04:00	2.435	2.435	2.435	2.435	0	6.8	0.0
2026-04-20 09:43:40-04:00	2.435	2.435	2.435	2.435	0	6.8	0.0
2026-04-20 09:43:45-04:00	2.435	2.435	2.435	2.435	0	6.8	0.0
2026-04-20 09:43:50-04:00	2.435	2.435	2.435	2.435	1	6.8	0.14705882352941177
2026-04-20 09:43:55-04:00	2.435	2.435	2.435	2.435	0	6.8	0.0
2026-04-20 09:44:00-04:00	2.435	2.435	2.435	2.435	0	6.8	0.0
2026-04-20 09:44:05-04:00	2.435	2.435	2.435	2.435	0	6.8	0.0
2026-04-20 09:44:10-04:00	2.435	2.435	2.435	2.435	0	6.8	0.0
2026-04-20 09:44:15-04:00	2.4397	2.4397	2.4397	2.4397	5	6.8	0.7352941176470589
2026-04-20 09:44:20-04:00	2.4397	2.4397	2.4397	2.4397	0	6.8	0.0
2026-04-20 09:44:25-04:00	2.4397	2.4397	2.4397	2.4397	0	6.8	0.0
2026-04-20 09:44:30-04:00	2.4397	2.4397	2.4397	2.4397	0	6.8	0.0
2026-04-20 09:44:35-04:00	2.4397	2.4397	2.4397	2.4397	0	6.8	0.0
2026-04-20 09:44:40-04:00	2.4397	2.4397	2.4397	2.4397	0	6.8	0.0
2026-04-20 09:44:45-04:00	2.4397	2.4397	2.4397	2.4397	0	6.8	0.0
2026-04-20 09:44:50-04:00	2.435	2.435	2.435	2.435	3	6.8	0.4411764705882353
2026-04-20 09:44:55-04:00	2.435	2.435	2.435	2.435	0	6.8	0.0
2026-04-20 09:45:00-04:00	2.435	2.435	2.435	2.435	0	6.8	0.0
2026-04-20 09:45:05-04:00	2.435	2.435	2.435	2.435	0	6.8	0.0
2026-04-20 09:45:10-04:00	2.435	2.435	2.435	2.435	0	6.8	0.0
2026-04-20 09:45:15-04:00	2.435	2.435	2.435	2.435	0	6.8	0.0
2026-04-20 09:45:20-04:00	2.435	2.435	2.435	2.435	0	6.8	0.0
2026-04-20 09:45:25-04:00	2.435	2.435	2.435	2.435	0	6.8	0.0
2026-04-20 09:45:30-04:00	2.435	2.435	2.435	2.435	0	6.8	0.0
2026-04-20 09:45:35-04:00	2.43	2.43	2.43	2.43	2	6.8	0.29411764705882354
2026-04-20 09:45:40-04:00	2.43	2.43	2.43	2.43	0	6.8	0.0
2026-04-20 09:45:45-04:00	2.43	2.43	2.43	2.43	2	6.8	0.29411764705882354
2026-04-20 09:45:50-04:00	2.43	2.43	2.43	2.43	0	6.8	0.0
2026-04-20 09:45:55-04:00	2.435	2.44	2.435	2.44	15	6.8	2.2058823529411766
2026-04-20 09:46:00-04:00	2.44	2.44	2.44	2.44	0	6.8	0.0
2026-04-20 09:46:05-04:00	2.44	2.44	2.44	2.44	0	6.8	0.0
2026-04-20 09:46:10-04:00	2.44	2.44	2.44	2.44	0	6.8	0.0
2026-04-20 09:46:15-04:00	2.44	2.44	2.44	2.44	0	6.8	0.0
2026-04-20 09:46:20-04:00	2.44	2.44	2.44	2.44	0	6.8	0.0
2026-04-20 09:46:25-04:00	2.44	2.44	2.44	2.44	0	6.8	0.0
2026-04-20 09:46:30-04:00	2.44	2.44	2.44	2.44	0	6.8	0.0
2026-04-20 09:46:35-04:00	2.44	2.44	2.44	2.44	0	6.8	0.0
2026-04-20 09:46:40-04:00	2.44	2.44	2.44	2.44	0	6.8	0.0
2026-04-20 09:46:45-04:00	2.44	2.44	2.44	2.44	0	6.8	0.0
2026-04-20 09:46:50-04:00	2.44	2.44	2.44	2.44	0	6.8	0.0
2026-04-20 09:46:55-04:00	2.44	2.44	2.44	2.44	0	6.8	0.0
